1	2830	-1360
2	2830	-1323
3	2830	-1286
4	2831	-1245
5	2830	-1206
6	2831	-1169
7	2831	-1131
8	2831	-1091
9	2830	-1053
10	2830	-1016
11	2792	-1365
12	2792	-1325
13	2790	-1285
14	2792	-1247
15	2791	-1209
16	2791	-1169
17	2790	-1129
18	2791	-1094
19	2791	-1055
20	2792	-1016
21	2800	-940
22	2801	-901
23	2801	-862
24	2800	-822
25	2802	-780
26	2800	-746
27	2800	-706
28	2802	-668
29	2800	-628
30	2800	-590
31	2762	-941
32	2761	-903
33	2761	-860
34	2761	-822
35	2762	-809
36	2763	-744
37	2762	-706
38	2761	-669
39	2762	-630
40	2761	-592
41	2801	-454
42	2803	-366
43	2723	-457
44	2724	-371
45	2702	-397
46	2800	-302
47	2799	1137
48	2831	1158
49	2801	1178
50	2800	1216
51	2829	1237
52	2801	1254
53	2800	1292
54	2800	1331
55	2801	1370
56	2799	1409
57	2804	1450
58	2759	-302
59	2762	1138
60	2762	1178
61	2761	1213
62	2763	1255
63	2761	1293
64	2763	1330
65	2761	1369
66	2759	1411
67	2761	1446
68	2762	-783
69	2801	1507
70	2800	1548
71	2801	1581
72	2801	1619
73	2799	1656
74	2800	1698
75	2800	1738
76	2800	1781
77	2799	1820
78	2800	1856
79	2760	1506
80	2760	1543
81	2763	1586
82	2761	1621
83	2761	1659
84	2761	1698
85	2762	1737
86	2761	1775
87	2762	1821
88	2762	1853
89	2800	2067
90	2798	2102
91	2799	2143
92	2801	2183
93	2800	2221
94	2801	2262
95	2800	2299
96	2800	2337
97	2801	2376
98	2800	2414
99	2760	2066
100	2760	2105
101	2761	2144
102	2761	2184
103	2763	2222
104	2760	2259
105	2761	2297
106	2760	2338
107	2761	2372
108	2800	2411
109	2800	2491
110	2772	2512
111	2732	2491
112	2788	2167
113	2762	2676
114	2732	2618
115	2761	2903
116	2761	2983
117	2799	3041
118	2800	3083
119	2799	3117
120	2799	3085
121	2799	3195
122	2798	3234
123	2799	3274
124	2798	3312
125	2798	3350
126	2797	3389
127	2799	3427
128	2800	3464
129	2864	3474
130	2865	3515
131	2798	3563
132	2798	3796
133	2797	3794
134	2698	-1361
135	2697	-1284
136	2716	-1209
137	2696	-860
138	2704	1437
139	2704	1583
140	2703	1680
141	2694	2221
142	2704	2317
143	2714	2345
144	2733	2374
145	2720	3100
146	2721	3147
147	2752	3198
148	2712	3194
149	2683	3196
150	2642	3195
151	2763	3292
152	2761	3332
153	2761	3369
154	2760	3409
155	2732	3467
156	2701	3621
157	2699	3852
158	2781	3940
159	2701	3940
160	2623	3945
161	2621	-1405
162	2744	-1382
163	2649	-1375
164	2609	-1352
165	2659	-1306
166	2658	-1266
167	2659	-1229
168	2658	-1192
169	2657	-1152
170	2660	-1115
171	2659	-1075
172	2659	-1032
173	2545	-1308
174	2543	-1269
175	2543	-1230
176	2541	-1188
177	2538	-1152
178	2544	-1112
179	2541	-1154
180	2541	-1038
181	2571	-1130
182	2571	-1075
183	2485	-1364
184	2524	-1346
185	2494	-1151
186	2590	-1007
187	2641	-989
188	2659	-959
189	2660	-900
190	2660	-862
191	2658	-823
192	2659	-782
193	2660	-744
194	2661	-699
195	2658	-667
196	2659	-628
197	2582	-961
198	2592	-879
199	2581	-630
200	2543	-903
201	2542	-864
202	2543	-821
203	2542	-785
204	2542	-743
205	2543	-709
206	2543	-666
207	2541	-629
208	2542	-592
209	2543	-553
210	2540	-523
211	2617	-553
212	2620	-484
213	2570	-396
214	2529	-397
215	2656	-358
216	2658	-318
217	2656	1118
218	2657	1159
219	2656	1200
220	2657	1236
221	2657	1272
222	2657	1314
223	2616	1137
224	2617	1195
225	2624	1273
226	2598	1314
227	2558	1214
228	2542	-360
229	2540	-321
230	2541	1121
231	2540	1156
232	2539	1195
233	2539	1231
234	2540	1272
235	2540	1311
236	2501	1342
237	2540	1358
238	2540	1398
239	2512	1436
240	2628	1435
241	2643	1484
242	2667	1524
243	2666	1560
244	2665	1601
245	2667	1640
246	2665	1679
247	2665	1728
248	2666	1755
249	2666	1794
250	2665	1836
251	2667	1873
252	2646	1486
253	2617	1525
254	2628	1715
255	2618	1756
256	2548	1524
257	2550	1561
258	2552	1600
259	2550	1640
260	2550	1677
261	2551	1717
262	2551	1756
263	2551	1798
264	2549	1832
265	2550	1874
266	2579	1893
267	2665	1935
268	2647	1991
269	2667	2025
270	2667	2064
271	2667	2104
272	2665	2139
273	2666	2178
274	2665	2220
275	2665	2254
276	2548	2258
277	2549	2218
278	2549	2180
279	2550	2141
280	2549	2103
281	2548	2064
282	2548	2025
283	2538	1987
284	2590	2333
285	2666	2328
286	2667	2394
287	2667	2432
288	2666	2470
289	2666	2508
290	2665	2550
291	2665	2586
292	2666	2626
293	2549	2393
294	2548	2431
295	2549	2473
296	2548	2512
297	2546	2548
298	2550	2591
299	2548	2627
300	2687	2716
301	2686	2868
302	2647	2711
303	2645	2866
304	2643	2906
305	2645	2984
306	2604	2905
307	2605	3109
308	2605	3136
309	2606	3290
310	2606	3333
311	2606	3368
312	2604	3410
313	2568	3037
314	2568	3079
315	2568	3119
316	2567	3157
317	2566	3195
318	2567	3234
319	2568	3274
320	2566	3310
321	2568	3350
322	2566	3386
323	2567	3428
324	2568	3466
325	2352	-1311
326	2348	-1275
327	2349	-1232
328	2349	-1192
329	2350	-1156
330	2349	-1114
331	2350	-1078
332	2400	-1067
333	2466	-1077
334	2406	-1193
335	2378	-1232
336	2417	-1270
337	2397	-1330
338	2468	-1117
339	2467	-1158
340	2494	-1155
341	2467	-1192
342	2462	-1232
343	2465	-1271
344	2465	-1310
345	2421	-1017
346	2377	-951
347	2458	-1008
348	2468	-933
349	2507	-839
350	2351	-866
351	2352	-826
352	2350	-786
353	2350	-748
354	2352	-709
355	2350	-673
356	2351	-632
357	2467	-635
358	2466	-671
359	2466	-708
360	2466	-751
361	2466	-787
362	2466	-826
363	2467	-860
364	2513	-828
365	2350	-573
366	2418	-564
367	2438	-525
368	2475	-567
369	2495	-459
370	2388	-458
371	2348	-460
372	2475	-392
373	2466	-362
374	2351	-360
375	2350	-325
376	2349	1114
377	2347	1152
378	2349	1192
379	2349	1232
380	2348	1270
381	2348	1307
382	2388	1209
383	2408	1116
384	2468	1310
385	2466	1269
386	2465	1232
387	2484	1212
388	2465	1190
389	2465	1158
390	2462	1112
391	2466	-325
392	2367	1354
393	2380	1433
394	2338	1452
395	2415	1482
396	2436	1431
397	2425	1394
398	2426	1358
399	2465	1471
400	2473	1373
401	2321	1522
402	2320	1557
403	2320	1598
404	2318	1638
405	2320	1673
406	2321	1717
407	2322	1755
408	2321	1794
409	2321	1832
410	2322	1872
411	2349	1831
412	2377	1870
413	2378	1830
414	2378	1789
415	2378	1752
416	2378	1714
417	2377	1679
418	2376	1637
419	2378	1597
420	2378	1558
421	2380	1524
422	2525	1880
423	2493	1868
424	2495	1830
425	2493	1791
426	2492	1753
427	2493	1714
428	2491	1676
429	2492	1634
430	2493	1601
431	2494	1559
432	2494	1349
433	2378	2022
434	2379	2059
435	2377	2099
436	2379	2137
437	2377	2177
438	2379	2218
439	2379	2254
440	2454	2041
441	2474	1953
442	2495	2288
443	2493	2255
444	2494	2218
445	2491	2176
446	2492	2138
447	2493	2100
448	2493	2061
449	2495	2022
450	2377	2388
451	2378	2425
452	2377	2468
453	2376	2501
454	2377	2547
455	2379	2586
456	2378	2624
457	2378	2663
458	2406	2428
459	2437	2505
460	2448	2624
461	2495	2665
462	2495	2623
463	2495	2585
464	2493	2547
465	2493	2506
466	2495	2468
467	2494	2429
468	2494	2391
469	2379	2749
470	2377	2786
471	2377	2825
472	2375	2865
473	2378	2903
474	2376	2943
475	2377	2981
476	2446	2769
477	2436	2729
478	2529	2979
479	2515	3013
480	2494	2982
481	2491	2942
482	2491	2902
483	2492	2865
484	2492	2825
485	2493	2786
486	2493	2748
487	2531	2827
488	2531	2787
489	2530	2710
490	2376	3057
491	2376	3095
492	2376	3136
493	2378	3175
494	2377	3212
495	2377	3251
496	2375	3288
497	2377	3328
498	2378	3368
499	2376	3408
500	2424	3426
501	2454	3444
502	2494	3403
503	2495	3368
504	2493	3326
505	2492	3286
506	2493	3248
507	2493	3210
508	2493	3170
509	2492	3127
510	2494	3095
511	2495	3059
512	2390	3550
513	2385	3695
514	2504	3813
515	2268	3813
516	2150	-1309
517	2150	-1271
518	2149	-1235
519	2147	-1191
520	2149	-1156
521	2147	-1118
522	2149	-1077
523	2179	-1157
524	2191	-1334
525	2228	-1324
526	2227	-1292
527	2218	-1097
528	2240	-1059
529	2267	-1075
530	2268	-1118
531	2326	-1094
532	2267	-1157
533	2302	-1177
534	2265	-1197
535	2305	-1212
536	2264	-1233
537	2267	-1273
538	2265	-1313
539	2303	-1328
540	2111	-972
541	2111	-934
542	2187	-974
543	2246	-914
544	2266	-936
545	2317	-932
546	2229	-994
547	2150	-866
548	2149	-827
549	2147	-789
550	2144	-749
551	2150	-709
552	2148	-672
553	2148	-552
554	2128	-593
555	2178	-789
556	2188	-758
557	2225	-885
558	2225	-845
559	2233	-672
560	2303	-633
561	2267	-633
562	2266	-670
563	2303	-691
564	2265	-711
565	2312	-750
566	2266	-749
567	2267	-785
568	2262	-829
569	2266	-866
570	2130	-597
571	2167	-552
572	2245	-557
573	2286	-515
574	2167	-479
575	2136	-461
576	2149	-369
577	2148	-337
578	2147	1107
579	2149	1143
580	2145	1183
581	2146	1219
582	2146	1261
583	2148	1300
584	2148	1333
585	2146	1377
586	2195	1378
587	2193	1221
588	2206	1181
589	2186	1142
590	2206	1106
591	2224	-334
592	2265	1375
593	2265	1339
594	2261	1296
595	2263	1260
596	2264	1220
597	2291	1221
598	2263	1182
599	2281	1164
600	2264	1143
601	2263	1104
602	2261	-335
603	2261	-374
604	2253	1463
605	2173	1462
606	2146	1520
607	2145	1558
608	2147	1597
609	2146	1635
610	2144	1677
611	2147	1716
612	2145	1753
613	2144	1793
614	2147	1831
615	2146	1870
616	2204	1868
617	2206	1830
618	2205	1789
619	2206	1753
620	2205	1714
621	2202	1673
622	2204	1635
623	2204	1596
624	2203	1557
625	2203	1521
626	2251	1813
627	2240	1558
628	2252	1521
629	2308	1966
630	2310	1927
631	2261	1922
632	2194	1921
633	2134	1951
634	2148	2080
635	2146	2122
636	2143	2161
637	2144	2200
638	2148	2240
639	2146	2278
640	2145	2316
641	2145	2354
642	2146	2393
643	2146	2434
644	2186	2136
645	2244	2450
646	2204	2430
647	2203	2391
648	2204	2273
649	2205	2314
650	2199	2273
651	2204	2239
652	2230	2254
653	2205	2197
654	2203	2158
655	2205	2602
656	2205	2083
657	2241	2062
658	2204	2043
659	2203	2014
660	2254	2026
661	2328	2024
662	2319	2080
663	2319	2122
664	2318	2165
665	2287	2169
666	2319	2202
667	2290	2230
668	2319	2238
669	2319	2277
670	2291	2297
671	2320	2316
672	2321	2355
673	2319	2396
674	2319	2430
675	2348	2396
676	2167	2537
677	2164	2576
678	2163	2624
679	2136	2641
680	2115	2584
681	2107	2661
682	2106	2701
683	2107	2740
684	2105	2775
685	2106	2819
686	2104	2855
687	2105	2894
688	2105	2933
689	2106	2992
690	2175	3029
691	2222	2990
692	2187	2932
693	2183	2893
694	2185	2853
695	2209	2813
696	2186	2814
697	2182	2778
698	2185	2738
699	2184	2700
700	2183	2661
701	2212	2699
702	2252	2739
703	2300	2991
704	2300	2964
705	2301	2933
706	2301	2896
707	2298	2854
708	2299	2816
709	2297	2776
710	2296	2738
711	2299	2700
712	2300	2660
713	2337	2703
714	2336	2663
715	2338	2620
716	2290	2585
717	2106	3087
718	2075	3104
719	2108	3123
720	2107	3165
721	2105	3201
722	2107	3242
723	2106	3277
724	2103	3318
725	2106	3359
726	2106	3416
727	2185	3356
728	2185	3319
729	2184	3277
730	2181	3242
731	2184	3201
732	2184	3163
733	2183	3122
734	2182	3081
735	2222	3222
736	2279	3184
737	2328	3077
738	2298	3084
739	2299	3125
740	2298	3165
741	2296	3205
742	2299	3239
743	2295	3280
744	2300	3324
745	2299	3355
746	2339	3260
747	2327	3416
748	2062	3604
749	2106	3606
750	2167	3618
751	2106	3643
752	2104	3684
753	2105	3723
754	2105	3764
755	2103	3801
756	2106	3841
757	2106	3884
758	2166	3850
759	2096	-1329
760	2097	-1173
761	2058	-1314
762	2061	-1269
763	2060	-1230
764	2058	-1191
765	2058	-1152
766	2057	-1115
767	2058	-1072
768	1991	-1213
769	1979	-1075
770	1937	-1347
771	1942	-1310
772	1944	-1270
773	1943	-1233
774	1942	-1191
775	1941	-1154
776	1941	-1115
777	1939	-1075
778	2037	-990
779	2010	-912
780	2062	-862
781	2060	-826
782	2059	-785
783	2059	-749
784	2060	-709
785	2059	-668
786	2059	-628
787	2050	-588
788	1989	-667
789	1990	-824
790	1941	-864
791	1942	-828
792	1944	-786
793	1943	-746
794	1943	-707
795	1943	-671
796	1941	-629
797	1951	-504
798	2058	-419
799	2070	-369
800	2069	-331
801	2067	1107
802	2068	1142
803	2068	1182
804	2068	1223
805	2068	1259
806	2074	1299
807	2107	1327
808	2067	1365
809	2028	1318
810	2038	1281
811	2021	1243
812	2000	1205
813	1951	1257
814	1950	1223
815	1951	1183
816	1951	1146
817	1950	1111
818	1950	-332
819	1954	-372
820	1954	-428
821	1951	-507
822	1971	-313
823	2009	-368
824	1893	1348
825	1912	1409
826	1941	1427
827	2009	1433
828	2000	1387
829	2028	1526
830	2029	1561
831	2029	1599
832	2029	1638
833	2029	1680
834	2028	1719
835	2029	1755
836	2028	1795
837	2028	1833
838	2029	1872
839	2076	1813
840	2097	1853
841	2048	1950
842	2018	1930
843	1971	1521
844	1971	1560
845	1971	1600
846	1970	1643
847	1969	1677
848	1971	1717
849	1970	1754
850	1969	1795
851	1967	1351
852	1969	1871
853	2065	2026
854	2107	2095
855	2085	2141
856	2095	2229
857	2112	2317
858	2009	2024
859	2030	2084
860	2029	2123
861	2029	2162
862	2028	2202
863	2028	2239
864	2029	2275
865	2027	2317
866	2027	2354
867	2027	2393
868	2028	2433
869	1971	2082
870	1970	2120
871	1970	2161
872	1972	2201
873	1970	2239
874	1969	2278
875	1971	2317
876	1970	2355
877	1970	2392
878	1969	2433
879	1970	2469
880	1949	2553
881	2009	2576
882	2009	2622
883	2029	2665
884	1982	2663
885	1986	2707
886	1988	2743
887	1988	2777
888	1989	2818
889	1988	2857
890	1988	2893
891	1988	2934
892	1912	2664
893	1912	2703
894	1911	2738
895	1911	2779
896	1913	2817
897	1911	2858
898	1912	2895
899	1910	2932
900	2026	2992
901	1929	3049
902	1990	3088
903	1990	3125
904	1989	3165
905	1988	3203
906	1990	3244
907	1986	3280
908	1989	3317
909	1989	3357
910	1989	3419
911	2036	3318
912	2045	3389
913	1911	3416
914	1909	3357
915	1911	3318
916	1911	3278
917	1911	3240
918	1911	3201
919	1910	3165
920	1912	3124
921	1912	3086
922	1930	3049
923	2028	2992
924	1988	3606
925	1988	3646
926	1989	3685
927	1986	3724
928	1986	3766
929	1987	3803
930	1986	3841
931	1984	3880
932	2015	3802
933	2036	3841
934	2015	3881
935	1949	3605
936	1949	3647
937	1949	3811
938	1949	3888
939	1890	3540
940	1911	3570
941	1911	3608
942	1910	3649
943	1910	3686
944	1911	3726
945	1911	3760
946	1911	3802
947	1911	3841
948	1911	3880
949	1893	3820
950	1870	3782
951	1884	-1310
952	1886	-1155
953	1896	-1035
954	1846	-1309
955	1848	-1268
956	1846	-1232
957	1848	-1189
958	1848	-1151
959	1848	-1114
960	1850	-1073
961	1789	-1327
962	1781	-1272
963	1809	-1218
964	1819	-1186
965	1770	-1040
966	1761	-951
967	1808	-947
968	1837	-962
969	1903	-884
970	1857	-860
971	1855	-824
972	1855	-785
973	1854	-748
974	1886	-703
975	1859	-706
976	1856	-666
977	1825	-669
978	1856	-630
979	1913	-630
980	1894	-571
981	1845	-574
982	1847	-496
983	1863	-419
984	1866	-380
985	1866	-345
986	1866	-301
987	1865	1137
988	1868	1174
989	1866	1215
990	1866	1251
991	1866	1292
992	1863	1329
993	1864	1369
994	1862	1402
995	1836	1214
996	1749	-421
997	1749	-382
998	1750	-341
999	1749	-302
1000	1749	1138
1001	1748	1175
1002	1748	1213
1003	1750	1250
1004	1749	1293
1005	1717	1291
1006	1749	1330
1007	1750	1371
1008	1751	1409
1009	1697	1389
1010	1920	1563
1011	1933	1642
1012	1892	1636
1013	1913	1787
1014	1854	1523
1015	1856	1562
1016	1855	1600
1017	1853	1641
1018	1855	1678
1019	1855	1717
1020	1856	1756
1021	1855	1794
1022	1852	1834
1023	1853	1952
1024	1930	2024
1025	1929	2236
1026	1942	2277
1027	1921	2314
1028	1923	2382
1029	1932	2430
1030	1884	2451
1031	1853	2023
1032	1855	2083
1033	1856	2123
1034	1854	2160
1035	1854	2201
1036	1855	2236
1037	1853	2277
1038	1856	2317
1039	1855	2356
1040	1855	2394
1041	1852	2431
1042	1911	2528
1043	1871	2526
1044	1854	2645
1045	1851	2990
1046	1832	3298
1047	1832	3339
1048	1692	-1368
1049	1732	-1309
1050	1733	-1273
1051	1710	-1167
1052	1735	-1230
1053	1731	-1191
1054	1731	-1149
1055	1731	-1112
1056	1731	-1075
1057	1681	-1187
1058	1682	-1151
1059	1645	-1309
1060	1645	-1271
1061	1643	-1233
1062	1642	-1192
1063	1643	-1151
1064	1643	-1115
1065	1641	-1078
1066	1732	-951
1067	1652	-950
1068	1736	-863
1069	1741	-825
1070	1741	-786
1071	1741	-742
1072	1710	-745
1073	1740	-708
1074	1741	-670
1075	1742	-634
1076	1651	-866
1077	1652	-825
1078	1652	-786
1079	1651	-747
1080	1653	-708
1081	1654	-670
1082	1651	-630
1083	1650	-544
1084	1785	2005
1085	1788	2045
1086	1787	2085
1087	1788	2120
1088	1788	2160
1089	1786	2200
1090	1786	2238
1091	1787	2274
1092	1787	2316
1093	1758	2317
1094	1788	2355
1095	1757	2374
1096	1789	2368
1097	1785	2431
1098	1777	2471
1099	1727	1947
1100	1730	1986
1101	1706	2082
1102	1709	2429
1103	1668	2003
1104	1668	2044
1105	1668	2083
1106	1669	2121
1107	1669	2161
1108	1670	2200
1109	1670	2237
1110	1669	2274
1111	1669	2317
1112	1669	2356
1113	1669	2391
1114	1666	2430
1115	1797	2529
1116	1745	2568
1117	1680	2515
1118	1630	2530
1119	1796	2665
1120	1795	2703
1121	1798	2742
1122	1797	2778
1123	1796	2816
1124	1797	2857
1125	1795	2892
1126	1797	2934
1127	1736	2719
1128	1739	2779
1129	1728	2859
1130	1729	2913
1131	1736	2963
1132	1697	2664
1133	1699	2702
1134	1701	2742
1135	1699	2778
1136	1699	2816
1137	1699	2856
1138	1698	2894
1139	1695	2937
1140	1795	3088
1141	1795	3129
1142	1797	3163
1143	1797	3203
1144	1796	3243
1145	1795	3277
1146	1795	3320
1147	1796	3358
1148	1717	3020
1149	1739	3184
1150	1696	3041
1151	1699	3069
1152	1700	3109
1153	1700	3143
1154	1699	3183
1155	1701	3223
1156	1699	3260
1157	1678	3280
1158	1700	3302
1159	1701	3339
1160	1698	3379
1161	1697	3418
1162	1794	3571
1163	1795	3609
1164	1796	3647
1165	1795	3686
1166	1795	3726
1167	1795	3764
1168	1794	3802
1169	1795	3840
1170	1796	3881
1171	1697	3568
1172	1698	3605
1173	1698	3649
1174	1698	3685
1175	1699	3723
1176	1696	3765
1177	1699	3798
1178	1697	3847
1179	1695	3877
1180	1705	3918
1181	1443	-1312
1182	1442	-1273
1183	1440	-1233
1184	1441	-1196
1185	1442	-1158
1186	1442	-1118
1187	1440	-1079
1188	1482	-1098
1189	1480	-1138
1190	1481	-1177
1191	1477	-1332
1192	1529	-1314
1193	1528	-1274
1194	1531	-1233
1195	1526	-1196
1196	1530	-1155
1197	1528	-1117
1198	1530	-1077
1199	1548	-1034
1200	1564	-1069
1201	1415	-942
1202	1402	-826
1203	1412	-790
1204	1453	-945
1205	1452	-908
1206	1452	-866
1207	1453	-828
1208	1451	-788
1209	1451	-748
1210	1454	-713
1211	1453	-669
1212	1451	-635
1213	1452	-595
1214	1452	-556
1215	1452	-520
1216	1542	-509
1217	1537	-591
1218	1540	-633
1219	1542	-673
1220	1615	-635
1221	1576	-692
1222	1539	-711
1223	1533	-753
1224	1540	-790
1225	1539	-827
1226	1538	-866
1227	1518	-945
1228	1412	-346
1229	1432	-327
1230	1452	-344
1231	1449	-307
1232	1450	1132
1233	1449	1172
1234	1454	1210
1235	1452	1252
1236	1452	1289
1237	1451	1324
1238	1450	1366
1239	1452	1406
1240	1509	1206
1241	1529	1291
1242	1570	-345
1243	1570	-308
1244	1567	1131
1245	1567	1171
1246	1566	1209
1247	1567	1251
1248	1566	1290
1249	1567	1322
1250	1565	1370
1251	1567	1405
1252	1586	1232
1253	1605	1190
1254	1663	1171
1255	1660	-311
1256	1663	-344
1257	1598	1995
1258	1490	2080
1259	1490	2121
1260	1487	2157
1261	1487	2198
1262	1489	2235
1263	1487	2274
1264	1489	2314
1265	1487	2351
1266	1492	2393
1267	1488	2429
1268	1517	2196
1269	1557	2215
1270	1556	2078
1271	1602	2079
1272	1604	2118
1273	1604	2074
1274	1605	2199
1275	1601	2237
1276	1604	2272
1277	1603	2316
1278	1604	2355
1279	1604	2391
1280	1603	2427
1281	1477	2491
1282	1458	2546
1283	1468	2613
1284	1494	2552
1285	1548	2553
1286	1594	2544
1287	1605	2494
1288	1488	2659
1289	1486	2703
1290	1488	2735
1291	1488	2776
1292	1457	2775
1293	1489	2813
1294	1488	2855
1295	1457	2890
1296	1488	2893
1297	1487	2932
1298	1544	2775
1299	1547	2699
1300	1535	2668
1301	1583	2660
1302	1585	2701
1303	1585	2738
1304	1584	2777
1305	1586	2815
1306	1581	2852
1307	1586	2894
1308	1583	2933
1309	1485	3010
1310	1439	3046
1311	1448	3124
1312	1488	3085
1313	1493	3124
1314	1489	3162
1315	1485	3201
1316	1492	3244
1317	1487	3279
1318	1490	3316
1319	1488	3357
1320	1583	3065
1321	1624	3107
1322	1588	3102
1323	1585	3146
1324	1583	3182
1325	1601	3205
1326	1584	3223
1327	1584	3258
1328	1584	3300
1329	1586	3341
1330	1582	3373
1331	1584	3417
1332	1613	3420
1333	1632	3435
1334	1640	3473
1335	1671	3463
1336	1499	3493
1337	1487	3528
1338	1488	3570
1339	1486	3596
1340	1487	3643
1341	1487	3685
1342	1487	3722
1343	1488	3763
1344	1487	3800
1345	1488	3841
1346	1488	3878
1347	1547	3703
1348	1543	3742
1349	1582	3572
1350	1583	3604
1351	1584	3648
1352	1584	3686
1353	1580	3722
1354	1584	3764
1355	1583	3801
1356	1584	3842
1357	1586	3878
1358	1624	3861
1359	1633	3901
1360	1661	3889
1361	1622	3648
1362	1631	3607
1363	1651	3568
1364	1187	-1286
1365	1225	-1317
1366	1253	-1309
1367	1283	-1314
1368	1251	-1272
1369	1249	-1237
1370	1252	-1194
1371	1230	-1175
1372	1250	-1155
1373	1287	-1157
1374	1254	-1117
1375	1254	-1076
1376	1292	-1076
1377	1319	-1352
1378	1329	-1317
1379	1327	-1274
1380	1329	-1234
1381	1329	-1196
1382	1330	-1156
1383	1329	-1116
1384	1329	-1079
1385	1396	-1332
1386	1417	-1272
1387	1415	-1233
1388	1405	-1189
1389	1366	-1135
1390	1376	-1067
1391	1415	-1073
1392	1260	-867
1393	1260	-829
1394	1258	-790
1395	1259	-752
1396	1257	-711
1397	1259	-673
1398	1259	-635
1399	1258	-596
1400	1258	-536
1401	1297	-789
1402	1298	-826
1403	1298	-869
1404	1339	-947
1405	1337	-907
1406	1334	-867
1407	1335	-827
1408	1336	-788
1409	1336	-750
1410	1336	-711
1411	1337	-667
1412	1336	-632
1413	1335	-597
1414	1335	-556
1415	1333	-515
1416	1384	-594
1417	1279	-410
1418	1279	-338
1419	1236	1135
1420	1239	1174
1421	1238	1210
1422	1239	1250
1423	1239	1288
1424	1239	1329
1425	1238	1364
1426	1238	1408
1427	1208	1406
1428	1238	1444
1429	1277	1193
1430	1315	1152
1431	1296	1319
1432	1357	-332
1433	1356	1130
1434	1356	1172
1435	1401	-424
1436	1395	1192
1437	1359	1214
1438	1375	1231
1439	1357	1251
1440	1354	1288
1441	1353	1326
1442	1357	1368
1443	1356	1406
1444	1051	-1312
1445	1047	-1275
1446	1049	-1230
1447	1044	-1194
1448	1046	-1154
1449	1048	-1120
1450	1046	-1078
1451	1099	-1066
1452	1106	-1273
1453	1096	-1305
1454	1136	-1314
1455	1134	-1272
1456	1132	-1238
1457	1134	-1196
1458	1135	-1153
1459	1135	-1120
1460	1136	-1078
1461	1153	-1013
1462	1182	-1061
1463	1232	-1005
1464	1036	-944
1465	1090	-975
1466	1162	-935
1467	1233	-893
1468	1047	-866
1469	1049	-828
1470	1045	-792
1471	1046	-750
1472	1046	-711
1473	1046	-670
1474	1044	-637
1475	1048	-595
1476	1047	-553
1477	1047	-513
1478	1105	-595
1479	1092	-636
1480	1074	-673
1481	1087	-787
1482	1086	-867
1483	1128	-767
1484	1142	-871
1485	1144	-827
1486	1142	-790
1487	1143	-750
1488	1146	-710
1489	1142	-671
1490	1141	-632
1491	1142	-596
1492	1185	-808
1493	1221	-752
1494	1218	-539
1495	1183	-537
1496	1094	-500
1497	1085	-472
1498	1029	-458
1499	1027	-402
1500	1144	-391
1501	1174	-404
1502	1202	-400
1503	1174	-458
1504	998	-334
1505	998	1104
1506	995	1145
1507	999	1181
1508	997	1222
1509	996	1261
1510	997	1298
1511	998	1339
1512	996	1393
1513	1055	1431
1514	1093	1452
1515	1095	1424
1516	1055	1400
1517	1054	1363
1518	1083	1384
1519	1094	1355
1520	1053	1325
1521	1053	1284
1522	1056	1249
1523	1058	1210
1524	1057	1172
1525	1058	1136
1526	1059	-308
1527	1048	-344
1528	1078	1154
1529	1102	1171
1530	1171	-345
1531	1173	-307
1532	1172	1135
1533	1137	1134
1534	1174	1179
1535	1172	1212
1536	1170	1251
1537	1152	1270
1538	1172	1292
1539	1172	1330
1540	1171	1368
1541	1170	1408
1542	84	-1370
1543	106	-1293
1544	142	-1315
1545	144	-1270
1546	143	-1234
1547	144	-1194
1548	143	-1155
1549	145	-1118
1550	143	-1078
1551	143	-1039
1552	182	-1234
1553	184	-1312
1554	930	-1315
1555	933	-1273
1556	932	-1237
1557	931	-1195
1558	931	-1154
1559	904	-1136
1560	929	-1114
1561	933	-1079
1562	930	-1030
1563	991	-1235
1564	126	-960
1565	965	-941
1566	-119	-1321
1567	-58	-1310
1568	-58	-1272
1569	-63	-1236
1570	-58	-1192
1571	-59	-1152
1572	-59	-1115
1573	-58	-1077
1574	-60	-1039
1575	-29	-1040
1576	-19	-1236
1577	-20	-1316
1578	10	-963
1579	30	-1041
1580	32	-1079
1581	67	-1077
1582	26	-1113
1583	27	-1156
1584	26	-1283
1585	29	-1234
1586	29	-1270
1587	28	-1314
1588	105	-806
1589	82	-747
1590	142	-769
1591	155	-694
1592	172	-601
1593	145	-574
1594	143	-536
1595	190	-552
1596	189	-517
1597	950	-481
1598	932	-517
1599	929	-554
1600	930	-596
1601	925	-635
1602	933	-674
1603	928	-711
1604	958	-710
1605	932	-749
1606	929	-788
1607	931	-830
1608	929	-865
1609	1001	-886
1610	-127	-1075
1611	-89	-926
1612	-90	-897
1613	-99	-825
1614	-46	-829
1615	-60	-752
1616	-58	-712
1617	-62	-672
1618	-60	-634
1619	-59	-595
1620	-60	-558
1621	-59	-517
1622	-11	-510
1623	-11	-557
1624	-12	-596
1625	29	-537
1626	27	-772
1627	196	-373
1628	181	-429
1629	123	-439
1630	46	-442
1631	-98	-447
1632	-101	-391
1633	128	-335
1634	103	-315
1635	124	1104
1636	125	1144
1637	123	1181
1638	123	1222
1639	125	1261
1640	121	1298
1641	122	1356
1642	143	1399
1643	182	1336
1644	181	1296
1645	182	1263
1646	180	1215
1647	180	1178
1648	182	1143
1649	182	1102
1650	179	-335
1651	50	-312
1652	53	1216
1653	54	1258
1654	73	1307
1655	47	1358
1656	10	1301
1657	9	1261
1658	7	1223
1659	6	1181
1660	7	1146
1661	4	1102
1662	8	-333
1663	-62	1105
1664	-61	1145
1665	-59	1179
1666	-63	1222
1667	-62	1256
1668	-61	1298
1669	-60	1337
1670	-60	1375
1671	-59	1415
1672	-98	1394
1673	-62	1455
1674	1796	1505
1675	1756	1494
1676	1717	1484
1677	1679	1484
1678	1631	1473
1679	1533	1492
1680	1051	1481
1681	1002	1482
1682	111	1481
1683	1758	1524
1684	1719	1525
1685	1678	1524
1686	1640	1525
1687	1601	1522
1688	1563	1524
1689	1523	1524
1690	1485	1521
1691	1448	1524
1692	1408	1523
1693	1370	1524
1694	1332	1523
1695	1292	1524
1696	1252	1523
1697	1215	1523
1698	1175	1522
1699	1140	1523
1700	1097	1524
1701	1060	1522
1702	1022	1522
1703	982	1521
1704	947	1522
1705	905	1521
1706	165	1522
1707	129	1522
1708	90	1523
1709	52	1520
1710	13	1520
1711	-25	1521
1712	-66	1522
1713	-103	1521
1714	-143	1521
1715	1757	1647
1716	1759	1687
1717	1739	1773
1718	1720	1598
1719	1699	1744
1720	1679	1696
1721	1660	1559
1722	1640	1658
1723	1622	1820
1724	1606	1548
1725	1563	1551
1726	1574	1596
1727	1574	1763
1728	1548	1832
1729	1488	1562
1730	1451	1561
1731	1464	1610
1732	1488	1715
1733	1410	1627
1734	1411	1693
1735	1391	1776
1736	1370	1594
1737	1361	1626
1738	1334	1754
1739	1313	1783
1740	1274	1560
1741	1178	1813
1742	1140	1814
1743	1080	1693
1744	1042	1706
1745	1004	1636
1746	927	1618
1747	928	1667
1748	169	1743
1749	171	1842
1750	130	1765
1751	111	1642
1752	82	1630
1753	52	1611
1754	13	1570
1755	16	1842
1756	-24	1751
1757	-24	1821
1758	-72	1762
1759	-89	1716
1760	-66	1596
1761	-102	1607
1762	-140	1646
1763	-140	1685
1764	-179	1784
1765	1756	1869
1766	1717	1869
1767	1680	1870
1768	1642	1871
1769	1602	1871
1770	1564	1871
1771	1526	1870
1772	1487	1871
1773	1448	1873
1774	1409	1871
1775	1369	1872
1776	1333	1872
1777	1294	1872
1778	1253	1873
1779	1218	1872
1780	1176	1870
1781	1139	1869
1782	1100	1872
1783	1061	1871
1784	1024	1869
1785	983	1871
1786	945	1870
1787	904	1870
1788	169	1870
1789	129	1870
1790	89	1872
1791	51	1867
1792	13	1872
1793	-26	1868
1794	-63	1869
1795	-104	1871
1796	-143	1872
1797	1642	1902
1798	1563	1899
1799	1456	1928
1800	1256	1899
1801	1234	1936
1802	1144	1909
1803	1102	1910
1804	1060	1909
1805	984	1898
1806	948	1909
1807	183	1927
1808	148	1907
1809	69	1906
1810	16	1899
1811	-26	1908
1812	-101	1908
1813	1475	1984
1814	1428	2007
1815	1429	2044
1816	1430	2082
1817	1430	2122
1818	1429	2160
1819	1429	2198
1820	1430	2238
1821	1429	2277
1822	1428	2314
1823	1432	2369
1824	1428	2391
1825	1429	2427
1826	1425	2493
1827	1380	2004
1828	1410	2102
1829	1380	2239
1830	1409	2370
1831	1352	2311
1832	1351	2340
1833	1351	2410
1834	1313	2156
1835	1270	2334
1836	1274	2490
1837	1379	2550
1838	1343	2547
1839	1362	2602
1840	1291	2527
1841	1265	2560
1842	1286	2635
1843	1363	2662
1844	1369	2701
1845	1394	2722
1846	1371	2740
1847	1370	2782
1848	1370	2817
1849	1369	2857
1850	1409	2886
1851	1369	2894
1852	1369	2935
1853	1273	2933
1854	1272	2893
1855	1273	2852
1856	1274	2814
1857	1275	2780
1858	1272	2737
1859	1271	2701
1860	1273	2664
1861	1234	2963
1862	1272	2961
1863	1390	2982
1864	1252	3025
1865	1343	3049
1866	1372	3087
1867	1372	3128
1868	1373	3166
1869	1371	3201
1870	1372	3240
1871	1369	3287
1872	1369	3317
1873	1374	3358
1874	1328	3417
1875	1294	3421
1876	1271	3357
1877	1276	3318
1878	1274	3278
1879	1233	3280
1880	1273	3239
1881	1275	3199
1882	1273	3164
1883	1276	3126
1884	1275	3085
1885	1224	3184
1886	1194	3144
1887	1320	3201
1888	1322	3260
1889	1392	3504
1890	1423	3532
1891	1399	3764
1892	1408	3862
1893	1439	3890
1894	1370	3528
1895	1370	3569
1896	1368	3612
1897	1369	3646
1898	1371	3683
1899	1370	3723
1900	1370	3765
1901	1367	3801
1902	1368	3840
1903	1367	3882
1904	1331	3871
1905	1332	3792
1906	1312	3586
1907	1274	3528
1908	1272	3567
1909	1272	3606
1910	1272	3648
1911	1273	3683
1912	1272	3722
1913	1273	3764
1914	1274	3808
1915	1274	3841
1916	1274	3879
1917	1234	2182
1918	1248	2241
1919	1226	2276
1920	1195	2006
1921	1198	2043
1922	1199	2079
1923	1197	2119
1924	1199	2162
1925	1196	2200
1926	1198	2238
1927	1195	2278
1928	1197	2317
1929	1198	2357
1930	1196	2392
1931	1197	2432
1932	1206	2489
1933	1157	2003
1934	1157	2042
1935	1158	2081
1936	1158	2118
1937	1159	2162
1938	1156	2200
1939	1156	2240
1940	1156	2278
1941	1159	2315
1942	1157	2351
1943	1160	2393
1944	1159	2431
1945	1155	2472
1946	1161	2509
1947	1119	2470
1948	1191	2576
1949	1119	2573
1950	1194	2740
1951	1155	2661
1952	1159	2700
1953	1159	2738
1954	1160	2776
1955	1161	2815
1956	1159	2854
1957	1157	2892
1958	1163	2929
1959	1108	2815
1960	1108	2912
1961	1082	2758
1962	1062	2657
1963	1063	2701
1964	1064	2739
1965	1062	2776
1966	1063	2816
1967	1061	2850
1968	1060	2894
1969	1059	2933
1970	1176	3028
1971	1158	3088
1972	1160	3126
1973	1155	3166
1974	1158	3201
1975	1159	3242
1976	1157	3282
1977	1158	3320
1978	1158	3356
1979	1109	3068
1980	1121	3105
1981	1097	3206
1982	1064	3088
1983	1062	3131
1984	1064	3162
1985	1062	3203
1986	1061	3241
1987	1059	3280
1988	1061	3320
1989	1062	3357
1990	1213	3625
1991	1224	3667
1992	1186	3743
1993	1204	3783
1994	1157	3530
1995	1158	3569
1996	1159	3611
1997	1160	3645
1998	1153	3686
1999	1158	3729
2000	1158	3765
2001	1156	3801
2002	1157	3843
2003	1157	3880
2004	1118	3501
2005	1118	3794
2006	1118	3870
2007	1059	3529
2008	1061	3568
2009	1063	3607
2010	1062	3647
2011	1061	3682
2012	1062	3730
2013	1059	3763
2014	1061	3801
2015	1059	3842
2016	1060	3880
2017	954	1976
2018	955	2023
2019	1083	2026
2020	1073	2061
2021	1012	2100
2022	1072	2198
2023	981	2279
2024	1050	2507
2025	964	2624
2026	1005	2681
2027	984	2719
2028	1031	3009
2029	1004	3059
2030	970	3018
2031	1003	3426
2032	968	3425
2033	928	2006
2034	928	2048
2035	928	2081
2036	927	2122
2037	927	2159
2038	928	2200
2039	925	2241
2040	927	2276
2041	926	2317
2042	928	2354
2043	926	2391
2044	929	2429
2045	926	2469
2046	924	2508
2047	186	2003
2048	189	2045
2049	188	2083
2050	188	2120
2051	189	2159
2052	187	2201
2053	186	2241
2054	190	2276
2055	186	2315
2056	188	2353
2057	188	2392
2058	186	2430
2059	187	2468
2060	189	2509
2061	910	2588
2062	947	2662
2063	169	2633
2064	947	2659
2065	946	2700
2066	946	2740
2067	946	2777
2068	947	2815
2069	945	2856
2070	947	2894
2071	944	2932
2072	147	2929
2073	148	2891
2074	150	2854
2075	147	2813
2076	148	2775
2077	147	2736
2078	149	2699
2079	149	2665
2080	163	2987
2081	167	3019
2082	944	3021
2083	941	3088
2084	944	3127
2085	945	3160
2086	945	3203
2087	943	3242
2088	945	3275
2089	946	3321
2090	945	3359
2091	149	3087
2092	149	3125
2093	150	3162
2094	148	3202
2095	150	3242
2096	150	3283
2097	153	3319
2098	938	3441
2099	910	3440
2100	943	3530
2101	947	3570
2102	943	3609
2103	946	3647
2104	947	3683
2105	947	3725
2106	947	3761
2107	946	3803
2108	946	3843
2109	946	3883
2110	904	3703
2111	928	3742
2112	904	3793
2113	195	3834
2114	197	3859
2115	167	3522
2116	148	3607
2117	148	3647
2118	149	3683
2119	148	3727
2120	152	3757
2121	150	3800
2122	149	3841
2123	150	3878
2124	126	3821
2125	111	3858
2126	-6	1955
2127	124	1976
2128	104	2041
2129	93	2081
2130	62	2117
2131	103	2142
2132	50	2159
2133	73	2180
2134	161	2487
2135	131	2503
2136	142	2583
2137	59	2718
2138	91	2779
2139	80	2967
2140	129	3000
2141	108	3237
2142	119	3279
2143	60	3319
2144	80	3424
2145	108	3444
2146	85	3527
2147	80	3572
2148	48	3550
2149	50	3708
2150	-45	1966
2151	-44	2011
2152	-45	2040
2153	-44	2082
2154	-42	2123
2155	-44	2160
2156	-44	2198
2157	-42	2239
2158	-43	2274
2159	-43	2314
2160	-43	2356
2161	-43	2390
2162	-46	2430
2163	-45	2469
2164	-44	2509
2165	-101	2004
2166	-103	2042
2167	-102	2081
2168	-104	2122
2169	-102	2161
2170	-101	2196
2171	-100	2239
2172	-103	2278
2173	-103	2317
2174	-102	2354
2175	-103	2393
2176	-102	2432
2177	-103	2516
2178	-102	2551
2179	34	2663
2180	35	2701
2181	35	2741
2182	35	2780
2183	35	2814
2184	34	2851
2185	32	2896
2186	34	2932
2187	4	2834
2188	-20	2771
2189	-11	2693
2190	-3	2630
2191	-43	2881
2192	-61	2595
2193	-64	2631
2194	-61	2673
2195	-63	2708
2196	-65	2748
2197	-65	2787
2198	-65	2822
2199	-64	2863
2200	-64	2902
2201	-64	2944
2202	-102	2592
2203	-100	2629
2204	-104	2671
2205	-102	2707
2206	-104	2748
2207	-104	2787
2208	-103	2825
2209	-102	2863
2210	-105	2900
2211	-105	2943
2212	33	3020
2213	-72	2998
2214	-153	3010
2215	34	3087
2216	33	3125
2217	36	3164
2218	32	3202
2219	32	3237
2220	33	3277
2221	34	3320
2222	3	3459
2223	-8	3587
2224	33	3607
2225	31	3644
2226	33	3687
2227	34	3723
2228	32	3767
2229	32	3804
2230	34	3844
2231	33	3880
2232	-26	3086
2233	-24	3122
2234	-26	3169
2235	-26	3199
2236	-28	3241
2237	-25	3279
2238	-23	3320
2239	-24	3359
2240	-25	3396
2241	-26	3436
2242	-34	3472
2243	-24	3531
2244	-25	3571
2245	-28	3609
2246	-26	3648
2247	-25	3684
2248	-25	3726
2249	-26	3764
2250	-26	3802
2251	-26	3844
2252	-24	3877
2253	-122	3144
2254	-80	3223
2255	-60	3271
2256	-93	3341
2257	-64	3439
2258	-103	3533
2259	-91	3940
2260	-262	-1351
2261	-283	-1116
2262	-243	-1278
2263	-247	-1238
2264	-246	-1198
2265	-244	-1158
2266	-243	-1118
2267	-243	-1080
2268	-244	-1039
2269	-216	-1215
2270	-176	-1278
2271	-175	-1234
2272	-174	-1196
2273	-177	-1155
2274	-176	-1117
2275	-174	-1077
2276	-176	-1039
2277	-141	-1010
2278	-310	-990
2279	-337	-1353
2280	-361	-1276
2281	-360	-1235
2282	-360	-1196
2283	-358	-1157
2284	-359	-1118
2285	-359	-1077
2286	-358	-1041
2287	-378	-1352
2288	-398	-1273
2289	-400	-1237
2290	-398	-1197
2291	-399	-1156
2292	-398	-1115
2293	-395	-1075
2294	-396	-1038
2295	-453	-1018
2296	-477	-1118
2297	-488	-1290
2298	-467	-1350
2299	-531	-1359
2300	-514	-1272
2301	-514	-1236
2302	-514	-1197
2303	-511	-1154
2304	-514	-1115
2305	-514	-1078
2306	-512	-1039
2307	-552	-1042
2308	-553	-1078
2309	-553	-1113
2310	-550	-1156
2311	-551	-1193
2312	-551	-1234
2313	-551	-1271
2314	-589	-1232
2315	-609	-1349
2316	-646	-1352
2317	-667	-1274
2318	-667	-1233
2319	-665	-1282
2320	-665	-1152
2321	-667	-1040
2322	-669	-1036
2323	-667	-1032
2324	-666	-1028
2325	-667	-1077
2326	-666	-1038
2327	-637	-1040
2328	-610	-1076
2329	-166	-927
2330	-171	-790
2331	-206	-896
2332	-233	-925
2333	-263	-868
2334	-246	-797
2335	-303	-876
2336	-285	-921
2337	-334	-796
2338	-378	-876
2339	-388	-935
2340	-428	-878
2341	-427	-829
2342	-438	-964
2343	-471	-948
2344	-476	-916
2345	-581	-827
2346	-583	-874
2347	-646	-826
2348	-648	-907
2349	-636	-947
2350	-696	-846
2351	-747	-888
2352	-696	-798
2353	-666	-768
2354	-688	-734
2355	-150	-709
2356	-175	-750
2357	-175	-711
2358	-179	-671
2359	-177	-634
2360	-177	-595
2361	-179	-559
2362	-173	-516
2363	-245	1299
2364	-273	-516
2365	-272	-557
2366	-271	-596
2367	-272	-632
2368	-273	-672
2369	-274	-715
2370	-270	-752
2371	-330	-675
2372	-313	-619
2373	-333	-577
2374	-389	-517
2375	-389	-561
2376	-387	-599
2377	-387	-633
2378	-391	-676
2379	-389	-715
2380	-384	-751
2381	-466	-750
2382	-466	-715
2383	-466	-676
2384	-488	-655
2385	-467	-636
2386	-467	-598
2387	-465	-557
2388	-464	-515
2389	-542	-730
2390	-583	-754
2391	-582	-712
2392	-581	-672
2393	-582	-633
2394	-580	-595
2395	-581	-558
2396	-580	-518
2397	-156	-362
2398	-178	-449
2399	-223	-354
2400	-225	-421
2401	-251	-350
2402	-304	-424
2403	-401	-459
2404	-457	-482
2405	-438	-409
2406	-486	-449
2407	-495	-413
2408	-475	-374
2409	-534	-421
2410	-573	-385
2411	-594	-428
2412	-611	-383
2413	-677	-432
2414	-761	-599
2415	-757	-1368
2416	-177	1103
2417	-176	1143
2418	-177	1183
2419	-178	1223
2420	-177	1256
2421	-177	1296
2422	-177	1337
2423	-177	1377
2424	-174	1415
2425	-177	1454
2426	-224	-316
2427	-224	1121
2428	-225	1162
2429	-225	1199
2430	-223	1241
2431	-226	1277
2432	-225	1316
2433	-222	1355
2434	-222	1394
2435	-225	1431
2436	-225	1473
2437	178	1506
2438	-226	1549
2439	-225	1587
2440	-225	1625
2441	-222	1665
2442	-225	1706
2443	-225	1743
2444	-224	1781
2445	-224	1830
2446	-224	1912
2447	-264	-313
2448	-261	1123
2449	-262	1160
2450	-266	1202
2451	-264	1238
2452	-265	1281
2453	-264	1320
2454	-265	1357
2455	-264	1396
2456	-264	1435
2457	-262	1473
2458	-265	1502
2459	-265	1552
2460	-266	1587
2461	-264	1627
2462	-262	1665
2463	-263	1703
2464	-263	1744
2465	-262	1781
2466	-262	1822
2467	-263	1862
2468	-266	1900
2469	-309	-314
2470	-323	1192
2471	-315	1230
2472	-333	1268
2473	-322	1551
2474	-342	1841
2475	-354	1899
2476	-383	1122
2477	-378	1162
2478	-378	1200
2479	-381	1239
2480	-379	1277
2481	-381	1317
2482	-379	1353
2483	-379	1394
2484	-380	1430
2485	-380	1471
2486	-380	1550
2487	-379	1590
2488	-382	1625
2489	-381	1664
2490	-380	1704
2491	-379	1743
2492	-381	1784
2493	-379	1821
2494	-379	1859
2495	-381	1899
2496	-421	-339
2497	-417	1122
2498	-419	1161
2499	-419	1198
2500	-420	1240
2501	-418	1274
2502	-419	1318
2503	-419	1355
2504	-419	1395
2505	-419	1435
2506	-417	1473
2507	-419	1550
2508	-419	1584
2509	-418	1626
2510	-419	1667
2511	-419	1704
2512	-419	1743
2513	-416	1783
2514	-417	1822
2515	-418	1860
2516	-418	1900
2517	-484	1181
2518	-454	1373
2519	-459	1433
2520	-470	1471
2521	-440	1514
2522	-464	1541
2523	-465	1838
2524	-495	-337
2525	-533	1100
2526	-530	1131
2527	-534	-316
2528	-535	1202
2529	-533	1239
2530	-513	1260
2531	-532	1281
2532	-533	1315
2533	-535	1360
2534	-532	1391
2535	-533	1434
2536	-530	1471
2537	-533	1550
2538	-534	1587
2539	-535	1626
2540	-533	1665
2541	-533	1711
2542	-531	1743
2543	-533	1781
2544	-533	1820
2545	-532	1858
2546	-533	1901
2547	-569	-345
2548	-571	-306
2549	-572	1132
2550	-575	1172
2551	-572	1213
2552	-574	1250
2553	-572	1290
2554	-577	1327
2555	-573	1367
2556	-572	1405
2557	-571	1443
2558	-573	1485
2559	-572	1522
2560	-569	1560
2561	-571	1599
2562	-570	1638
2563	-570	1678
2564	-573	1713
2565	-572	1753
2566	-609	-342
2567	-611	-303
2568	-613	1131
2569	-613	1169
2570	-614	1211
2571	-614	1248
2572	-610	1292
2573	-613	1240
2574	-610	1369
2575	-614	1408
2576	-612	1445
2577	-610	1483
2578	-609	1520
2579	-612	1558
2580	-606	1606
2581	-609	1639
2582	-612	1676
2583	-611	1629
2584	-611	1758
2585	-647	-343
2586	-651	-306
2587	-651	1135
2588	-649	1175
2589	-649	1213
2590	-651	1251
2591	-650	1288
2592	-650	1328
2593	-649	1366
2594	-651	1404
2595	-649	1444
2596	-650	1483
2597	-649	1522
2598	-650	1558
2599	-647	1600
2600	-650	1637
2601	-650	1673
2602	-653	1712
2603	-650	1754
2604	-651	1795
2605	-689	-345
2606	-684	-305
2607	-688	1134
2608	-687	1173
2609	-685	1210
2610	-688	1249
2611	-689	1289
2612	-686	1328
2613	-687	1368
2614	-686	1406
2615	-684	1441
2616	-687	1482
2617	-686	1521
2618	-690	1561
2619	-688	1594
2620	-690	1637
2621	-685	1678
2622	-685	1714
2623	-689	1753
2624	-689	1793
2625	-679	1882
2626	-612	1327
2627	-612	1712
2628	-197	2002
2629	-188	2040
2630	-158	2099
2631	-179	2140
2632	-166	2179
2633	-216	2098
2634	-266	2062
2635	-286	2020
2636	-306	2137
2637	-274	2198
2638	-237	2277
2639	-216	2313
2640	-285	2292
2641	-265	2373
2642	-264	2437
2643	-237	2438
2644	-206	2458
2645	-216	2516
2646	-216	2552
2647	-217	2592
2648	-217	2630
2649	-216	2671
2650	-217	2707
2651	-216	2748
2652	-218	2784
2653	-218	2824
2654	-216	2863
2655	-215	2903
2656	-217	2939
2657	-179	2941
2658	-180	2899
2659	-177	2862
2660	-179	2823
2661	-179	2787
2662	-176	2745
2663	-180	2709
2664	-179	2669
2665	-178	2631
2666	-180	2593
2667	-227	3011
2668	-363	1933
2669	-341	1964
2670	-332	2001
2671	-332	2039
2672	-333	2079
2673	-333	2118
2674	-332	2160
2675	-333	2197
2676	-333	2238
2677	-332	2275
2678	-332	2313
2679	-330	2351
2680	-331	2392
2681	-335	2427
2682	-378	2080
2683	-381	2118
2684	-382	2156
2685	-381	2199
2686	-382	2233
2687	-381	2274
2688	-381	2315
2689	-382	2352
2690	-381	2394
2691	-382	2428
2692	-410	1972
2693	-419	1999
2694	-418	2042
2695	-420	2078
2696	-422	2115
2697	-420	2161
2698	-420	2195
2699	-421	2236
2700	-419	2278
2701	-420	2312
2702	-419	2355
2703	-420	2392
2704	-423	2427
2705	-352	2503
2706	-315	2524
2707	-313	2554
2708	-335	2582
2709	-324	2622
2710	-306	2750
2711	-305	2952
2712	-392	2526
2713	-421	2527
2714	-420	2563
2715	-379	2604
2716	-417	2600
2717	-384	2640
2718	-418	2640
2719	-379	2680
2720	-420	2679
2721	-380	2717
2722	-418	2717
2723	-380	2757
2724	-421	2755
2725	-382	2798
2726	-417	2794
2727	-381	2833
2728	-419	2832
2729	-382	2870
2730	-418	2869
2731	-379	2910
2732	-420	2910
2733	-380	2949
2734	-419	2949
2735	-143	3089
2736	-141	3125
2737	-144	3164
2738	-142	3201
2739	-142	3240
2740	-141	3279
2741	-142	3317
2742	-141	3356
2743	-139	3393
2744	-140	3437
2745	-210	3277
2746	-237	3085
2747	-238	3122
2748	-236	3163
2749	-237	3200
2750	-239	3235
2751	-236	3278
2752	-238	3316
2753	-236	3355
2754	-237	3395
2755	-236	3434
2756	-142	3532
2757	-141	3568
2758	-141	3604
2759	-138	3645
2760	-142	3685
2761	-139	3724
2762	-142	3766
2763	-141	3800
2764	-140	3839
2765	-139	3879
2766	-180	3760
2767	-191	3800
2768	-189	3840
2769	-191	3879
2770	-240	3489
2771	-257	3519
2772	-248	3565
2773	-236	3606
2774	-237	3644
2775	-239	3685
2776	-238	3721
2777	-237	3761
2778	-238	3801
2779	-238	3840
2780	-238	3877
2781	-256	3036
2782	-343	3037
2783	-306	3260
2784	-303	3339
2785	-304	3418
2786	-316	3512
2787	-312	3548
2788	-326	3609
2789	-297	3646
2790	-276	3687
2791	-294	3743
2792	-295	3906
2793	-258	3919
2794	-356	3087
2795	-351	3124
2796	-354	3162
2797	-353	3201
2798	-352	3238
2799	-353	3275
2800	-354	3317
2801	-351	3358
2802	-353	3397
2803	-351	3432
2804	-351	3477
2805	-353	3511
2806	-352	3547
2807	-354	3604
2808	-354	3643
2809	-353	3687
2810	-352	3724
2811	-354	3762
2812	-352	3798
2813	-356	3839
2814	-353	3876
2815	-376	3413
2816	-393	3501
2817	-404	3558
2818	-373	3629
2819	-404	3743
2820	-430	3124
2821	-428	3161
2822	-431	3197
2823	-428	3238
2824	-430	3279
2825	-429	3318
2826	-427	3356
2827	-450	3220
2828	-469	3288
2829	-479	3338
2830	-458	3377
2831	-437	3453
2832	-448	3529
2833	-488	3470
2834	-489	3514
2835	-428	3587
2836	-430	3624
2837	-432	3665
2838	-430	3706
2839	-430	3742
2840	-430	3784
2841	-430	3820
2842	-430	3858
2843	-429	3916
2844	-487	3824
2845	-506	3917
2846	-477	2021
2847	-478	2140
2848	-466	2410
2849	-469	2490
2850	-498	2079
2851	-497	2120
2852	-498	2159
2853	-497	2197
2854	-499	2237
2855	-496	2274
2856	-496	2316
2857	-498	2353
2858	-500	2392
2859	-496	2428
2860	-497	2602
2861	-496	2643
2862	-495	2699
2863	-495	2721
2864	-496	2759
2865	-496	2799
2866	-496	2836
2867	-497	2877
2868	-496	2913
2869	-496	2953
2870	-536	2003
2871	-535	2042
2872	-535	2081
2873	-536	2120
2874	-536	2159
2875	-535	2197
2876	-536	2233
2877	-536	2274
2878	-534	2315
2879	-535	2351
2880	-536	2392
2881	-536	2430
2882	-535	2487
2883	-536	2523
2884	-534	2567
2885	-535	2602
2886	-534	2643
2887	-537	2683
2888	-535	2721
2889	-535	2759
2890	-536	2799
2891	-537	2837
2892	-534	2869
2893	-534	2911
2894	-536	2954
2895	-572	2080
2896	-573	2140
2897	-573	2180
2898	-575	2219
2899	-575	2258
2900	-573	2296
2901	-575	2158
2902	-572	2373
2903	-573	2416
2904	-574	2448
2905	-572	2489
2906	-573	2528
2907	-573	2564
2908	-574	2607
2909	-573	2642
2910	-574	2683
2911	-574	2720
2912	-572	2760
2913	-573	2796
2914	-576	2834
2915	-573	2874
2916	-571	2914
2917	-622	1990
2918	-612	2137
2919	-610	2177
2920	-613	2218
2921	-613	2258
2922	-610	2298
2923	-609	2343
2924	-610	2373
2925	-608	2420
2926	-611	2449
2927	-613	2489
2928	-614	2524
2929	-610	2565
2930	-612	2604
2931	-611	2643
2932	-613	2679
2933	-611	2718
2934	-611	2757
2935	-610	2806
2936	-612	2835
2937	-613	2872
2938	-612	2911
2939	-650	2137
2940	-650	2176
2941	-649	2216
2942	-651	2257
2943	-650	2294
2944	-651	2334
2945	-651	2370
2946	-652	2408
2947	-650	2449
2948	-650	2489
2949	-650	2525
2950	-651	2564
2951	-650	2603
2952	-650	2643
2953	-651	2681
2954	-650	2717
2955	-650	2757
2956	-649	2796
2957	-651	2834
2958	-651	2874
2959	-723	1994
2960	-690	2137
2961	-688	2178
2962	-689	2217
2963	-689	2256
2964	-689	2292
2965	-689	2333
2966	-687	2378
2967	-690	2411
2968	-691	2448
2969	-690	2484
2970	-691	2524
2971	-689	2563
2972	-690	2601
2973	-690	2640
2974	-689	2682
2975	-691	2718
2976	-690	2754
2977	-690	2801
2978	-690	2834
2979	-689	2872
2980	-574	2334
2981	-527	3143
2982	-526	3184
2983	-545	3123
2984	-546	3162
2985	-544	3203
2986	-546	3241
2987	-546	3278
2988	-546	3314
2989	-544	3355
2990	-547	3397
2991	-564	3468
2992	-565	3510
2993	-545	3551
2994	-544	3591
2995	-545	3627
2996	-545	3665
2997	-546	3707
2998	-548	3744
2999	-544	3791
3000	-545	3822
3001	-543	3861
3002	-585	3547
3003	-586	3585
3004	-586	3600
3005	-587	3610
3006	-587	3624
3007	-588	3663
3008	-588	3699
3009	-588	3739
3010	-588	3779
3011	-584	3819
3012	-587	3858
3013	-586	3898
3014	-595	3102
3015	-597	3159
3016	-593	3256
3017	-595	3295
3018	-595	3375
3019	-634	3215
3020	-636	3374
3021	-625	3462
3022	-664	3460
3023	-625	3546
3024	-663	3547
3025	-624	3624
3026	-665	3622
3027	-623	3702
3028	-663	3701
3029	-623	3778
3030	-663	3780
3031	-622	3858
3032	-664	3856
3033	-704	3873
3034	-683	2052
3035	-684	2962
3036	-766	3134
3037	-768	3905
3038	-662	3941