1	3230	-560
2	3230	-523
3	3230	-486
4	3231	-445
5	3230	-406
6	3231	-369
7	3231	-331
8	3231	-291
9	3230	-253
10	3230	-216
11	3192	-565
12	3192	-525
13	3190	-485
14	3192	-447
15	3191	-409
16	3191	-369
17	3190	-329
18	3191	-294
19	3191	-255
20	3192	-216
21	3200	-140
22	3201	-101
23	3201	-62
24	3200	-22
25	3202	20
26	3200	54
27	3200	94
28	3202	132
29	3200	172
30	3200	810
31	3162	-141
32	3161	-103
33	3161	-60
34	3161	-22
35	3162	-9
36	3163	56
37	3162	94
38	3161	131
39	3162	170
40	3161	808
41	3201	946
42	3203	1034
43	3123	943
44	3124	1029
45	3102	1003
46	3200	1098
47	3199	1137
48	3231	1158
49	3201	1178
50	3200	1216
51	3229	1237
52	3201	1254
53	3200	1292
54	3200	1331
55	3201	1370
56	3199	1409
57	3204	1450
58	3159	1098
59	3162	1138
60	3162	1178
61	3161	1213
62	3163	1255
63	3161	1293
64	3163	1330
65	3161	1369
66	3159	1411
67	3161	1446
68	3162	17
69	3201	1507
70	3200	1548
71	3201	1581
72	3201	1619
73	3199	1656
74	3200	1698
75	3200	1738
76	3200	1781
77	3199	1820
78	3200	1856
79	3160	1506
80	3160	1543
81	3163	1586
82	3161	1621
83	3161	1659
84	3161	1698
85	3162	1737
86	3161	1775
87	3162	1821
88	3162	1853
89	3200	2067
90	3198	2102
91	3199	2143
92	3201	2183
93	3200	2221
94	3201	2262
95	3200	2299
96	3200	2337
97	3201	2376
98	3200	2414
99	3160	2066
100	3160	2105
101	3161	2144
102	3161	2184
103	3163	2222
104	3160	2259
105	3161	2297
106	3160	2338
107	3161	2372
108	3200	2411
109	3200	2491
110	3172	2512
111	3132	2491
112	3188	2167
113	3162	2676
114	3132	2618
115	3161	2903
116	3161	2983
117	3199	3041
118	3200	3083
119	3199	3117
120	3199	3085
121	3199	3195
122	3198	3834
123	3199	3874
124	3198	3912
125	3198	3950
126	3197	3989
127	3199	4027
128	3200	4064
129	3264	4074
130	3265	4115
131	3198	4163
132	3198	4396
133	3197	4394
134	3098	-561
135	3097	-484
136	3116	-409
137	3096	-60
138	3104	1437
139	3104	1583
140	3103	1680
141	3094	2221
142	3104	2317
143	3114	2345
144	3133	2374
145	3120	3100
146	3121	3147
147	3152	3198
148	3112	3194
149	3083	3196
150	3042	3195
151	3163	3892
152	3161	3932
153	3161	3969
154	3160	4009
155	3132	4067
156	3101	4221
157	3099	4452
158	3181	4540
159	3101	4540
160	3023	4545
161	3021	-605
162	3144	-582
163	3049	-575
164	3009	-552
165	3059	-506
166	3058	-466
167	3059	-429
168	3058	-392
169	3057	-352
170	3060	-315
171	3059	-275
172	3059	-232
173	2945	-508
174	2943	-469
175	2943	-430
176	2941	-388
177	2938	-352
178	2944	-312
179	2941	-354
180	2941	-238
181	2971	-330
182	2971	-275
183	2885	-564
184	2924	-546
185	2894	-351
186	2990	-207
187	3041	-189
188	3059	-159
189	3060	-100
190	3060	-62
191	3058	-23
192	3059	18
193	3060	56
194	3061	101
195	3058	133
196	3059	172
197	2982	-161
198	2992	-79
199	2981	170
200	2943	-103
201	2942	-64
202	2943	-21
203	2942	15
204	2942	57
205	2943	91
206	2943	134
207	2941	171
208	2942	808
209	2943	847
210	2940	877
211	3017	847
212	3020	916
213	2970	1004
214	2929	1003
215	3056	1042
216	3058	1082
217	3056	1118
218	3057	1159
219	3056	1200
220	3057	1236
221	3057	1272
222	3057	1314
223	3016	1137
224	3017	1195
225	3024	1273
226	2998	1314
227	2958	1214
228	2942	1040
229	2940	1079
230	2941	1121
231	2940	1156
232	2939	1195
233	2939	1231
234	2940	1272
235	2940	1311
236	2901	1342
237	2940	1358
238	2940	1398
239	2912	1436
240	3028	1435
241	3043	1484
242	3067	1524
243	3066	1560
244	3065	1601
245	3067	1640
246	3065	1679
247	3065	1728
248	3066	1755
249	3066	1794
250	3065	1836
251	3067	1873
252	3046	1486
253	3017	1525
254	3028	1715
255	3018	1756
256	2948	1524
257	2950	1561
258	2952	1600
259	2950	1640
260	2950	1677
261	2951	1717
262	2951	1756
263	2951	1798
264	2949	1832
265	2950	1874
266	2979	1893
267	3065	1935
268	3047	1991
269	3067	2025
270	3067	2064
271	3067	2104
272	3065	2139
273	3066	2178
274	3065	2220
275	3065	2254
276	2948	2258
277	2949	2218
278	2949	2180
279	2950	2141
280	2949	2103
281	2948	2064
282	2948	2025
283	2938	1987
284	2990	2333
285	3066	2328
286	3067	2394
287	3067	2432
288	3066	2470
289	3066	2508
290	3065	2550
291	3065	2586
292	3066	2626
293	2949	2393
294	2948	2431
295	2949	2473
296	2948	2512
297	2946	2548
298	2950	2591
299	2948	2627
300	3087	2716
301	3086	2868
302	3047	2711
303	3045	2866
304	3043	2906
305	3045	2984
306	3004	2905
307	3005	3109
308	3005	3136
309	3006	3890
310	3006	3933
311	3006	3968
312	3004	4010
313	2968	3037
314	2968	3079
315	2968	3119
316	2967	3157
317	2966	3195
318	2967	3834
319	2968	3874
320	2966	3910
321	2968	3950
322	2966	3986
323	2967	4028
324	2968	4066
325	2352	-511
326	2348	-475
327	2349	-432
328	2349	-392
329	2350	-356
330	2349	-314
331	2350	-278
332	2800	-267
333	2866	-277
334	2806	-393
335	2378	-432
336	2817	-470
337	2397	-530
338	2868	-317
339	2867	-358
340	2894	-355
341	2867	-392
342	2862	-432
343	2865	-471
344	2865	-510
345	2821	-217
346	2377	-151
347	2858	-208
348	2868	-133
349	2907	-39
350	2351	-66
351	2352	-26
352	2350	14
353	2350	52
354	2352	91
355	2350	127
356	2351	168
357	2867	165
358	2866	129
359	2866	92
360	2866	49
361	2866	13
362	2866	-26
363	2867	-60
364	2913	-28
365	2350	827
366	2818	836
367	2838	875
368	2875	833
369	2895	941
370	2388	942
371	2348	940
372	2875	1008
373	2866	1038
374	2351	1040
375	2350	1075
376	2349	1114
377	2347	1152
378	2349	1192
379	2349	1232
380	2348	1270
381	2348	1307
382	2388	1209
383	2808	1116
384	2868	1310
385	2866	1269
386	2865	1232
387	2884	1212
388	2865	1190
389	2865	1158
390	2862	1112
391	2866	1075
392	2367	1354
393	2380	1433
394	2338	1452
395	2815	1482
396	2836	1431
397	2825	1394
398	2826	1358
399	2865	1471
400	2873	1373
401	2321	1522
402	2320	1557
403	2320	1598
404	2318	1638
405	2320	1673
406	2321	1717
407	2322	1755
408	2321	1794
409	2321	1832
410	2322	1872
411	2349	1831
412	2377	1870
413	2378	1830
414	2378	1789
415	2378	1752
416	2378	1714
417	2377	1679
418	2376	1637
419	2378	1597
420	2378	1558
421	2380	1524
422	2925	1880
423	2893	1868
424	2895	1830
425	2893	1791
426	2892	1753
427	2893	1714
428	2891	1676
429	2892	1634
430	2893	1601
431	2894	1559
432	2894	1349
433	2378	2022
434	2379	2059
435	2377	2099
436	2379	2137
437	2377	2177
438	2379	2218
439	2379	2254
440	2854	2041
441	2874	1953
442	2895	2288
443	2893	2255
444	2894	2218
445	2891	2176
446	2892	2138
447	2893	2100
448	2893	2061
449	2895	2022
450	2377	2388
451	2378	2425
452	2377	2468
453	2376	2501
454	2377	2547
455	2379	2586
456	2378	2624
457	2378	2663
458	2806	2428
459	2837	2505
460	2848	2624
461	2895	2665
462	2895	2623
463	2895	2585
464	2893	2547
465	2893	2506
466	2895	2468
467	2894	2429
468	2894	2391
469	2379	2749
470	2377	2786
471	2377	2825
472	2375	2865
473	2378	2903
474	2376	2943
475	2377	2981
476	2846	2769
477	2836	2729
478	2929	2979
479	2915	3013
480	2894	2982
481	2891	2942
482	2891	2902
483	2892	2865
484	2892	2825
485	2893	2786
486	2893	2748
487	2931	2827
488	2931	2787
489	2930	2710
490	2376	3057
491	2376	3095
492	2376	3136
493	2378	3175
494	2377	3812
495	2377	3851
496	2375	3888
497	2377	3928
498	2378	3968
499	2376	4008
500	2824	4026
501	2854	4044
502	2894	4003
503	2895	3968
504	2893	3926
505	2892	3886
506	2893	3848
507	2893	3810
508	2893	3170
509	2892	3127
510	2894	3095
511	2895	3059
512	2390	4150
513	2385	4295
514	2904	4413
515	2268	4413
516	2150	-509
517	2150	-471
518	2149	-435
519	2147	-391
520	2149	-356
521	2147	-318
522	2149	-277
523	2179	-357
524	2191	-534
525	2228	-524
526	2227	-492
527	2218	-297
528	2240	-259
529	2267	-275
530	2268	-318
531	2326	-294
532	2267	-357
533	2302	-377
534	2265	-397
535	2305	-412
536	2264	-433
537	2267	-473
538	2265	-513
539	2303	-528
540	2111	-172
541	2111	-134
542	2187	-174
543	2246	-114
544	2266	-136
545	2317	-132
546	2229	-194
547	2150	-66
548	2149	-27
549	2147	11
550	2144	51
551	2150	91
552	2148	128
553	2148	848
554	2128	807
555	2178	11
556	2188	42
557	2225	-85
558	2225	-45
559	2233	128
560	2303	167
561	2267	167
562	2266	130
563	2303	109
564	2265	89
565	2312	50
566	2266	51
567	2267	15
568	2262	-29
569	2266	-66
570	2130	803
571	2167	848
572	2245	843
573	2286	885
574	2167	921
575	2136	939
576	2149	1031
577	2148	1063
578	2147	1107
579	2149	1143
580	2145	1183
581	2146	1219
582	2146	1261
583	2148	1300
584	2148	1333
585	2146	1377
586	2195	1378
587	2193	1221
588	2206	1181
589	2186	1142
590	2206	1106
591	2224	1066
592	2265	1375
593	2265	1339
594	2261	1296
595	2263	1260
596	2264	1220
597	2291	1221
598	2263	1182
599	2281	1164
600	2264	1143
601	2263	1104
602	2261	1065
603	2261	1026
604	2253	1463
605	2173	1462
606	2146	1520
607	2145	1558
608	2147	1597
609	2146	1635
610	2144	1677
611	2147	1716
612	2145	1753
613	2144	1793
614	2147	1831
615	2146	1870
616	2204	1868
617	2206	1830
618	2205	1789
619	2206	1753
620	2205	1714
621	2202	1673
622	2204	1635
623	2204	1596
624	2203	1557
625	2203	1521
626	2251	1813
627	2240	1558
628	2252	1521
629	2308	1966
630	2310	1927
631	2261	1922
632	2194	1921
633	2134	1951
634	2148	2080
635	2146	2122
636	2143	2161
637	2144	2200
638	2148	2240
639	2146	2278
640	2145	2316
641	2145	2354
642	2146	2393
643	2146	2434
644	2186	2136
645	2244	2450
646	2204	2430
647	2203	2391
648	2204	2273
649	2205	2314
650	2199	2273
651	2204	2239
652	2230	2254
653	2205	2197
654	2203	2158
655	2205	2602
656	2205	2083
657	2241	2062
658	2204	2043
659	2203	2014
660	2254	2026
661	2328	2024
662	2319	2080
663	2319	2122
664	2318	2165
665	2287	2169
666	2319	2202
667	2290	2230
668	2319	2238
669	2319	2277
670	2291	2297
671	2320	2316
672	2321	2355
673	2319	2396
674	2319	2430
675	2348	2396
676	2167	2537
677	2164	2576
678	2163	2624
679	2136	2641
680	2115	2584
681	2107	2661
682	2106	2701
683	2107	2740
684	2105	2775
685	2106	2819
686	2104	2855
687	2105	2894
688	2105	2933
689	2106	2992
690	2175	3029
691	2222	2990
692	2187	2932
693	2183	2893
694	2185	2853
695	2209	2813
696	2186	2814
697	2182	2778
698	2185	2738
699	2184	2700
700	2183	2661
701	2212	2699
702	2252	2739
703	2300	2991
704	2300	2964
705	2301	2933
706	2301	2896
707	2298	2854
708	2299	2816
709	2297	2776
710	2296	2738
711	2299	2700
712	2300	2660
713	2337	2703
714	2336	2663
715	2338	2620
716	2290	2585
717	2106	3087
718	2075	3104
719	2108	3123
720	2107	3165
721	2105	3801
722	2107	3842
723	2106	3877
724	2103	3918
725	2106	3959
726	2106	4016
727	2185	3956
728	2185	3919
729	2184	3877
730	2181	3842
731	2184	3801
732	2184	3163
733	2183	3122
734	2182	3081
735	2222	3822
736	2279	3184
737	2328	3077
738	2298	3084
739	2299	3125
740	2298	3165
741	2296	3805
742	2299	3839
743	2295	3880
744	2300	3924
745	2299	3955
746	2339	3860
747	2327	4016
748	2062	4204
749	2106	4206
750	2167	4218
751	2106	4243
752	2104	4284
753	2105	4323
754	2105	4364
755	2103	4401
756	2106	4441
757	2106	4484
758	2166	4450
759	2096	-529
760	2097	-373
761	2058	-514
762	2061	-469
763	2060	-430
764	2058	-391
765	2058	-352
766	2057	-315
767	2058	-272
768	1991	-413
769	1979	-275
770	1937	-547
771	1942	-510
772	1944	-470
773	1943	-433
774	1942	-391
775	1941	-354
776	1941	-315
777	1939	-275
778	2037	-190
779	2010	-112
780	2062	-62
781	2060	-26
782	2059	15
783	2059	51
784	2060	91
785	2059	132
786	2059	172
787	2050	812
788	1989	133
789	1990	-24
790	1941	-64
791	1942	-28
792	1944	14
793	1943	54
794	1943	93
795	1943	129
796	1941	171
797	1951	896
798	2058	981
799	2070	1031
800	2069	1069
801	2067	1107
802	2068	1142
803	2068	1182
804	2068	1223
805	2068	1259
806	2074	1299
807	2107	1327
808	2067	1365
809	2028	1318
810	2038	1281
811	2021	1243
812	2000	1205
813	1951	1257
814	1950	1223
815	1951	1183
816	1951	1146
817	1950	1111
818	1950	1068
819	1954	1028
820	1954	972
821	1951	893
822	1971	1087
823	2009	1032
824	1893	1348
825	1912	1409
826	1941	1427
827	2009	1433
828	2000	1387
829	2028	1526
830	2029	1561
831	2029	1599
832	2029	1638
833	2029	1680
834	2028	1719
835	2029	1755
836	2028	1795
837	2028	1833
838	2029	1872
839	2076	1813
840	2097	1853
841	2048	1950
842	2018	1930
843	1971	1521
844	1971	1560
845	1971	1600
846	1970	1643
847	1969	1677
848	1971	1717
849	1970	1754
850	1969	1795
851	1967	1351
852	1969	1871
853	2065	2026
854	2107	2095
855	2085	2141
856	2095	2229
857	2112	2317
858	2009	2024
859	2030	2084
860	2029	2123
861	2029	2162
862	2028	2202
863	2028	2239
864	2029	2275
865	2027	2317
866	2027	2354
867	2027	2393
868	2028	2433
869	1971	2082
870	1970	2120
871	1970	2161
872	1972	2201
873	1970	2239
874	1969	2278
875	1971	2317
876	1970	2355
877	1970	2392
878	1969	2433
879	1970	2469
880	1949	2553
881	2009	2576
882	2009	2622
883	2029	2665
884	1982	2663
885	1986	2707
886	1988	2743
887	1988	2777
888	1989	2818
889	1988	2857
890	1988	2893
891	1988	2934
892	1912	2664
893	1912	2703
894	1911	2738
895	1911	2779
896	1913	2817
897	1911	2858
898	1912	2895
899	1910	2932
900	2026	2992
901	1929	3049
902	1990	3088
903	1990	3125
904	1989	3165
905	1988	3803
906	1990	3844
907	1986	3880
908	1989	3917
909	1989	3957
910	1989	4019
911	2036	3918
912	2045	3989
913	1911	4016
914	1909	3957
915	1911	3918
916	1911	3878
917	1911	3840
918	1911	3801
919	1910	3165
920	1912	3124
921	1912	3086
922	1930	3049
923	2028	2992
924	1988	4206
925	1988	4246
926	1989	4285
927	1986	4324
928	1986	4366
929	1987	4403
930	1986	4441
931	1984	4480
932	2015	4402
933	2036	4441
934	2015	4481
935	1949	4205
936	1949	4247
937	1949	4411
938	1949	4488
939	1890	4140
940	1911	4170
941	1911	4208
942	1910	4249
943	1910	4286
944	1911	4326
945	1911	4360
946	1911	4402
947	1911	4441
948	1911	4480
949	1893	4420
950	1870	4382
951	1884	-510
952	1886	-355
953	1896	-235
954	1846	-509
955	1848	-468
956	1846	-432
957	1848	-389
958	1848	-351
959	1848	-314
960	1850	-273
961	1789	-527
962	1781	-472
963	1809	-418
964	1819	-386
965	1770	-240
966	1761	-151
967	1808	-147
968	1837	-162
969	1903	-84
970	1857	-60
971	1855	-24
972	1855	15
973	1854	52
974	1886	97
975	1859	94
976	1856	134
977	1825	131
978	1856	170
979	1913	170
980	1894	829
981	1845	826
982	1847	904
983	1863	981
984	1866	1020
985	1866	1055
986	1866	1099
987	1865	1137
988	1868	1174
989	1866	1215
990	1866	1251
991	1866	1292
992	1863	1329
993	1864	1369
994	1862	1402
995	1836	1214
996	1749	979
997	1749	1018
998	1750	1059
999	1749	1098
1000	1749	1138
1001	1748	1175
1002	1748	1213
1003	1750	1250
1004	1749	1293
1005	1717	1291
1006	1749	1330
1007	1750	1371
1008	1751	1409
1009	1697	1389
1010	1920	1563
1011	1933	1642
1012	1892	1636
1013	1913	1787
1014	1854	1523
1015	1856	1562
1016	1855	1600
1017	1853	1641
1018	1855	1678
1019	1855	1717
1020	1856	1756
1021	1855	1794
1022	1852	1834
1023	1853	1952
1024	1930	2024
1025	1929	2236
1026	1942	2277
1027	1921	2314
1028	1923	2382
1029	1932	2430
1030	1884	2451
1031	1853	2023
1032	1855	2083
1033	1856	2123
1034	1854	2160
1035	1854	2201
1036	1855	2236
1037	1853	2277
1038	1856	2317
1039	1855	2356
1040	1855	2394
1041	1852	2431
1042	1911	2528
1043	1871	2526
1044	1854	2645
1045	1851	2990
1046	1832	3898
1047	1832	3939
1048	1692	-568
1049	1732	-509
1050	1733	-473
1051	1710	-367
1052	1735	-430
1053	1731	-391
1054	1731	-349
1055	1731	-312
1056	1731	-275
1057	1681	-387
1058	1682	-351
1059	1645	-509
1060	1645	-471
1061	1643	-433
1062	1642	-392
1063	1643	-351
1064	1643	-315
1065	1641	-278
1066	1732	-151
1067	1652	-150
1068	1736	-63
1069	1741	-25
1070	1741	14
1071	1741	58
1072	1710	55
1073	1740	92
1074	1741	130
1075	1742	166
1076	1651	-66
1077	1652	-25
1078	1652	14
1079	1651	53
1080	1653	92
1081	1654	130
1082	1651	170
1083	1650	856
1084	1785	2005
1085	1788	2045
1086	1787	2085
1087	1788	2120
1088	1788	2160
1089	1786	2200
1090	1786	2238
1091	1787	2274
1092	1787	2316
1093	1758	2317
1094	1788	2355
1095	1757	2374
1096	1789	2368
1097	1785	2431
1098	1777	2471
1099	1727	1947
1100	1730	1986
1101	1706	2082
1102	1709	2429
1103	1668	2003
1104	1668	2044
1105	1668	2083
1106	1669	2121
1107	1669	2161
1108	1670	2200
1109	1670	2237
1110	1669	2274
1111	1669	2317
1112	1669	2356
1113	1669	2391
1114	1666	2430
1115	1797	2529
1116	1745	2568
1117	1680	2515
1118	1630	2530
1119	1796	2665
1120	1795	2703
1121	1798	2742
1122	1797	2778
1123	1796	2816
1124	1797	2857
1125	1795	2892
1126	1797	2934
1127	1736	2719
1128	1739	2779
1129	1728	2859
1130	1729	2913
1131	1736	2963
1132	1697	2664
1133	1699	2702
1134	1701	2742
1135	1699	2778
1136	1699	2816
1137	1699	2856
1138	1698	2894
1139	1695	2937
1140	1795	3088
1141	1795	3129
1142	1797	3163
1143	1797	3803
1144	1796	3843
1145	1795	3877
1146	1795	3920
1147	1796	3958
1148	1717	3020
1149	1739	3184
1150	1696	3041
1151	1699	3069
1152	1700	3109
1153	1700	3143
1154	1699	3183
1155	1701	3823
1156	1699	3860
1157	1678	3880
1158	1700	3902
1159	1701	3939
1160	1698	3979
1161	1697	4018
1162	1794	4171
1163	1795	4209
1164	1796	4247
1165	1795	4286
1166	1795	4326
1167	1795	4364
1168	1794	4402
1169	1795	4440
1170	1796	4481
1171	1697	4168
1172	1698	4205
1173	1698	4249
1174	1698	4285
1175	1699	4323
1176	1696	4365
1177	1699	4398
1178	1697	4447
1179	1695	4477
1180	1705	4518
1181	1443	-512
1182	1442	-473
1183	1440	-433
1184	1441	-396
1185	1442	-358
1186	1442	-318
1187	1440	-279
1188	1482	-298
1189	1480	-338
1190	1481	-377
1191	1477	-532
1192	1529	-514
1193	1528	-474
1194	1531	-433
1195	1526	-396
1196	1530	-355
1197	1528	-317
1198	1530	-277
1199	1548	-234
1200	1564	-269
1201	1415	-142
1202	1402	-26
1203	1412	10
1204	1453	-145
1205	1452	-108
1206	1452	-66
1207	1453	-28
1208	1451	12
1209	1451	52
1210	1454	87
1211	1453	131
1212	1451	165
1213	1452	805
1214	1452	844
1215	1452	880
1216	1542	891
1217	1537	809
1218	1540	167
1219	1542	127
1220	1615	165
1221	1576	108
1222	1539	89
1223	1533	47
1224	1540	10
1225	1539	-27
1226	1538	-66
1227	1518	-145
1228	1412	1054
1229	1432	1073
1230	1452	1056
1231	1449	1093
1232	1450	1132
1233	1449	1172
1234	1454	1210
1235	1452	1252
1236	1452	1289
1237	1451	1324
1238	1450	1366
1239	1452	1406
1240	1509	1206
1241	1529	1291
1242	1570	1055
1243	1570	1092
1244	1567	1131
1245	1567	1171
1246	1566	1209
1247	1567	1251
1248	1566	1290
1249	1567	1322
1250	1565	1370
1251	1567	1405
1252	1586	1232
1253	1605	1190
1254	1663	1171
1255	1660	1089
1256	1663	1056
1257	1598	1995
1258	1490	2080
1259	1490	2121
1260	1487	2157
1261	1487	2198
1262	1489	2235
1263	1487	2274
1264	1489	2314
1265	1487	2351
1266	1492	2393
1267	1488	2429
1268	1517	2196
1269	1557	2215
1270	1556	2078
1271	1602	2079
1272	1604	2118
1273	1604	2074
1274	1605	2199
1275	1601	2237
1276	1604	2272
1277	1603	2316
1278	1604	2355
1279	1604	2391
1280	1603	2427
1281	1477	2491
1282	1458	2546
1283	1468	2613
1284	1494	2552
1285	1548	2553
1286	1594	2544
1287	1605	2494
1288	1488	2659
1289	1486	2703
1290	1488	2735
1291	1488	2776
1292	1457	2775
1293	1489	2813
1294	1488	2855
1295	1457	2890
1296	1488	2893
1297	1487	2932
1298	1544	2775
1299	1547	2699
1300	1535	2668
1301	1583	2660
1302	1585	2701
1303	1585	2738
1304	1584	2777
1305	1586	2815
1306	1581	2852
1307	1586	2894
1308	1583	2933
1309	1485	3010
1310	1439	3046
1311	1448	3124
1312	1488	3085
1313	1493	3124
1314	1489	3162
1315	1485	3801
1316	1492	3844
1317	1487	3879
1318	1490	3916
1319	1488	3957
1320	1583	3065
1321	1624	3107
1322	1588	3102
1323	1585	3146
1324	1583	3182
1325	1601	3805
1326	1584	3823
1327	1584	3858
1328	1584	3900
1329	1586	3941
1330	1582	3973
1331	1584	4017
1332	1613	4020
1333	1632	4035
1334	1640	4073
1335	1671	4063
1336	1499	4093
1337	1487	4128
1338	1488	4170
1339	1486	4196
1340	1487	4243
1341	1487	4285
1342	1487	4322
1343	1488	4363
1344	1487	4400
1345	1488	4441
1346	1488	4478
1347	1547	4303
1348	1543	4342
1349	1582	4172
1350	1583	4204
1351	1584	4248
1352	1584	4286
1353	1580	4322
1354	1584	4364
1355	1583	4401
1356	1584	4442
1357	1586	4478
1358	1624	4461
1359	1633	4501
1360	1661	4489
1361	1622	4248
1362	1631	4207
1363	1651	4168
1364	1187	-486
1365	1225	-517
1366	1253	-509
1367	1283	-514
1368	1251	-472
1369	1249	-437
1370	1252	-394
1371	1230	-375
1372	1250	-355
1373	1287	-357
1374	1254	-317
1375	1254	-276
1376	1292	-276
1377	1319	-552
1378	1329	-517
1379	1327	-474
1380	1329	-434
1381	1329	-396
1382	1330	-356
1383	1329	-316
1384	1329	-279
1385	1396	-532
1386	1417	-472
1387	1415	-433
1388	1405	-389
1389	1366	-335
1390	1376	-267
1391	1415	-273
1392	1260	-67
1393	1260	-29
1394	1258	10
1395	1259	48
1396	1257	89
1397	1259	127
1398	1259	165
1399	1258	804
1400	1258	864
1401	1297	11
1402	1298	-26
1403	1298	-69
1404	1339	-147
1405	1337	-107
1406	1334	-67
1407	1335	-27
1408	1336	12
1409	1336	50
1410	1336	89
1411	1337	133
1412	1336	168
1413	1335	803
1414	1335	844
1415	1333	885
1416	1384	806
1417	1279	990
1418	1279	1062
1419	1236	1135
1420	1239	1174
1421	1238	1210
1422	1239	1250
1423	1239	1288
1424	1239	1329
1425	1238	1364
1426	1238	1408
1427	1208	1406
1428	1238	1444
1429	1277	1193
1430	1315	1152
1431	1296	1319
1432	1357	1068
1433	1356	1130
1434	1356	1172
1435	1401	976
1436	1395	1192
1437	1359	1214
1438	1375	1231
1439	1357	1251
1440	1354	1288
1441	1353	1326
1442	1357	1368
1443	1356	1406
1444	1051	-512
1445	1047	-475
1446	1049	-430
1447	1044	-394
1448	1046	-354
1449	1048	-320
1450	1046	-278
1451	1099	-266
1452	1106	-473
1453	1096	-505
1454	1136	-514
1455	1134	-472
1456	1132	-438
1457	1134	-396
1458	1135	-353
1459	1135	-320
1460	1136	-278
1461	1153	-213
1462	1182	-261
1463	1232	-205
1464	1036	-144
1465	1090	-175
1466	1162	-135
1467	1233	-93
1468	1047	-66
1469	1049	-28
1470	1045	8
1471	1046	50
1472	1046	89
1473	1046	130
1474	1044	163
1475	1048	805
1476	1047	847
1477	1047	887
1478	1105	805
1479	1092	164
1480	1074	127
1481	1087	13
1482	1086	-67
1483	1128	33
1484	1142	-71
1485	1144	-27
1486	1142	10
1487	1143	50
1488	1146	90
1489	1142	129
1490	1141	168
1491	1142	804
1492	1185	-8
1493	1221	48
1494	1218	861
1495	1183	863
1496	1094	900
1497	1085	928
1498	1029	942
1499	1027	998
1500	1144	1009
1501	1174	996
1502	1202	1000
1503	1174	942
1504	998	1066
1505	998	1104
1506	995	1145
1507	999	1181
1508	997	1222
1509	996	1261
1510	997	1298
1511	998	1339
1512	996	1393
1513	1055	1431
1514	1093	1452
1515	1095	1424
1516	1055	1400
1517	1054	1363
1518	1083	1384
1519	1094	1355
1520	1053	1325
1521	1053	1284
1522	1056	1249
1523	1058	1210
1524	1057	1172
1525	1058	1136
1526	1059	1092
1527	1048	1056
1528	1078	1154
1529	1102	1171
1530	1171	1055
1531	1173	1093
1532	1172	1135
1533	1137	1134
1534	1174	1179
1535	1172	1212
1536	1170	1251
1537	1152	1270
1538	1172	1292
1539	1172	1330
1540	1171	1368
1541	1170	1408
1542	784	-570
1543	806	-493
1544	842	-515
1545	844	-470
1546	843	-434
1547	844	-394
1548	843	-355
1549	845	-318
1550	843	-278
1551	843	-239
1552	882	-434
1553	884	-512
1554	930	-515
1555	933	-473
1556	932	-437
1557	931	-395
1558	931	-354
1559	904	-336
1560	929	-314
1561	933	-279
1562	930	-230
1563	991	-435
1564	826	-160
1565	965	-141
1566	181	-521
1567	642	-510
1568	642	-472
1569	637	-436
1570	642	-392
1571	641	-352
1572	641	-315
1573	642	-277
1574	640	-239
1575	671	-240
1576	681	-436
1577	680	-516
1578	710	-163
1579	730	-241
1580	732	-279
1581	767	-277
1582	726	-313
1583	727	-356
1584	726	-483
1585	729	-434
1586	729	-470
1587	728	-514
1588	805	-6
1589	782	53
1590	842	31
1591	855	106
1592	872	199
1593	845	826
1594	843	864
1595	890	848
1596	889	883
1597	950	919
1598	932	883
1599	929	846
1600	930	804
1601	925	165
1602	933	126
1603	928	89
1604	958	90
1605	932	51
1606	929	12
1607	931	-30
1608	929	-65
1609	1001	-86
1610	173	-275
1611	611	-126
1612	610	-97
1613	601	-25
1614	654	-29
1615	640	48
1616	642	88
1617	638	128
1618	640	166
1619	641	805
1620	640	842
1621	641	883
1622	689	890
1623	689	843
1624	688	804
1625	729	863
1626	727	28
1627	896	1027
1628	881	971
1629	823	961
1630	746	958
1631	602	953
1632	199	1009
1633	828	1065
1634	803	1085
1635	824	1104
1636	825	1144
1637	823	1181
1638	823	1222
1639	825	1261
1640	821	1298
1641	822	1356
1642	843	1399
1643	882	1336
1644	881	1296
1645	882	1263
1646	880	1215
1647	880	1178
1648	882	1143
1649	882	1102
1650	879	1065
1651	750	1088
1652	753	1216
1653	754	1258
1654	773	1307
1655	747	1358
1656	710	1301
1657	709	1261
1658	707	1223
1659	706	1181
1660	707	1146
1661	704	1102
1662	708	1067
1663	638	1105
1664	639	1145
1665	641	1179
1666	637	1222
1667	638	1256
1668	639	1298
1669	640	1337
1670	640	1375
1671	641	1415
1672	602	1394
1673	638	1455
1674	1796	1505
1675	1756	1494
1676	1717	1484
1677	1679	1484
1678	1631	1473
1679	1533	1492
1680	1051	1481
1681	1002	1482
1682	811	1481
1683	1758	1524
1684	1719	1525
1685	1678	1524
1686	1640	1525
1687	1601	1522
1688	1563	1524
1689	1523	1524
1690	1485	1521
1691	1448	1524
1692	1408	1523
1693	1370	1524
1694	1332	1523
1695	1292	1524
1696	1252	1523
1697	1215	1523
1698	1175	1522
1699	1140	1523
1700	1097	1524
1701	1060	1522
1702	1022	1522
1703	982	1521
1704	947	1522
1705	905	1521
1706	865	1522
1707	829	1522
1708	790	1523
1709	752	1520
1710	713	1520
1711	675	1521
1712	634	1522
1713	197	1521
1714	157	1521
1715	1757	1647
1716	1759	1687
1717	1739	1773
1718	1720	1598
1719	1699	1744
1720	1679	1696
1721	1660	1559
1722	1640	1658
1723	1622	1820
1724	1606	1548
1725	1563	1551
1726	1574	1596
1727	1574	1763
1728	1548	1832
1729	1488	1562
1730	1451	1561
1731	1464	1610
1732	1488	1715
1733	1410	1627
1734	1411	1693
1735	1391	1776
1736	1370	1594
1737	1361	1626
1738	1334	1754
1739	1313	1783
1740	1274	1560
1741	1178	1813
1742	1140	1814
1743	1080	1693
1744	1042	1706
1745	1004	1636
1746	927	1618
1747	928	1667
1748	869	1743
1749	871	1842
1750	830	1765
1751	811	1642
1752	782	1630
1753	752	1611
1754	713	1570
1755	716	1842
1756	676	1751
1757	676	1821
1758	628	1762
1759	611	1716
1760	634	1596
1761	198	1607
1762	160	1646
1763	160	1685
1764	121	1784
1765	1756	1869
1766	1717	1869
1767	1680	1870
1768	1642	1871
1769	1602	1871
1770	1564	1871
1771	1526	1870
1772	1487	1871
1773	1448	1873
1774	1409	1871
1775	1369	1872
1776	1333	1872
1777	1294	1872
1778	1253	1873
1779	1218	1872
1780	1176	1870
1781	1139	1869
1782	1100	1872
1783	1061	1871
1784	1024	1869
1785	983	1871
1786	945	1870
1787	904	1870
1788	869	1870
1789	829	1870
1790	789	1872
1791	751	1867
1792	713	1872
1793	674	1868
1794	637	1869
1795	196	1871
1796	157	1872
1797	1642	1902
1798	1563	1899
1799	1456	1928
1800	1256	1899
1801	1234	1936
1802	1144	1909
1803	1102	1910
1804	1060	1909
1805	984	1898
1806	948	1909
1807	883	1927
1808	848	1907
1809	769	1906
1810	716	1899
1811	674	1908
1812	199	1908
1813	1475	1984
1814	1428	2007
1815	1429	2044
1816	1430	2082
1817	1430	2122
1818	1429	2160
1819	1429	2198
1820	1430	2238
1821	1429	2277
1822	1428	2314
1823	1432	2369
1824	1428	2391
1825	1429	2427
1826	1425	2493
1827	1380	2004
1828	1410	2102
1829	1380	2239
1830	1409	2370
1831	1352	2311
1832	1351	2340
1833	1351	2410
1834	1313	2156
1835	1270	2334
1836	1274	2490
1837	1379	2550
1838	1343	2547
1839	1362	2602
1840	1291	2527
1841	1265	2560
1842	1286	2635
1843	1363	2662
1844	1369	2701
1845	1394	2722
1846	1371	2740
1847	1370	2782
1848	1370	2817
1849	1369	2857
1850	1409	2886
1851	1369	2894
1852	1369	2935
1853	1273	2933
1854	1272	2893
1855	1273	2852
1856	1274	2814
1857	1275	2780
1858	1272	2737
1859	1271	2701
1860	1273	2664
1861	1234	2963
1862	1272	2961
1863	1390	2982
1864	1252	3025
1865	1343	3049
1866	1372	3087
1867	1372	3128
1868	1373	3166
1869	1371	3801
1870	1372	3840
1871	1369	3887
1872	1369	3917
1873	1374	3958
1874	1328	4017
1875	1294	4021
1876	1271	3957
1877	1276	3918
1878	1274	3878
1879	1233	3880
1880	1273	3839
1881	1275	3199
1882	1273	3164
1883	1276	3126
1884	1275	3085
1885	1224	3184
1886	1194	3144
1887	1320	3801
1888	1322	3860
1889	1392	4104
1890	1423	4132
1891	1399	4364
1892	1408	4462
1893	1439	4490
1894	1370	4128
1895	1370	4169
1896	1368	4212
1897	1369	4246
1898	1371	4283
1899	1370	4323
1900	1370	4365
1901	1367	4401
1902	1368	4440
1903	1367	4482
1904	1331	4471
1905	1332	4392
1906	1312	4186
1907	1274	4128
1908	1272	4167
1909	1272	4206
1910	1272	4248
1911	1273	4283
1912	1272	4322
1913	1273	4364
1914	1274	4408
1915	1274	4441
1916	1274	4479
1917	1234	2182
1918	1248	2241
1919	1226	2276
1920	1195	2006
1921	1198	2043
1922	1199	2079
1923	1197	2119
1924	1199	2162
1925	1196	2200
1926	1198	2238
1927	1195	2278
1928	1197	2317
1929	1198	2357
1930	1196	2392
1931	1197	2432
1932	1206	2489
1933	1157	2003
1934	1157	2042
1935	1158	2081
1936	1158	2118
1937	1159	2162
1938	1156	2200
1939	1156	2240
1940	1156	2278
1941	1159	2315
1942	1157	2351
1943	1160	2393
1944	1159	2431
1945	1155	2472
1946	1161	2509
1947	1119	2470
1948	1191	2576
1949	1119	2573
1950	1194	2740
1951	1155	2661
1952	1159	2700
1953	1159	2738
1954	1160	2776
1955	1161	2815
1956	1159	2854
1957	1157	2892
1958	1163	2929
1959	1108	2815
1960	1108	2912
1961	1082	2758
1962	1062	2657
1963	1063	2701
1964	1064	2739
1965	1062	2776
1966	1063	2816
1967	1061	2850
1968	1060	2894
1969	1059	2933
1970	1176	3028
1971	1158	3088
1972	1160	3126
1973	1155	3166
1974	1158	3801
1975	1159	3842
1976	1157	3882
1977	1158	3920
1978	1158	3956
1979	1109	3068
1980	1121	3105
1981	1097	3806
1982	1064	3088
1983	1062	3131
1984	1064	3162
1985	1062	3803
1986	1061	3841
1987	1059	3880
1988	1061	3920
1989	1062	3957
1990	1213	4225
1991	1224	4267
1992	1186	4343
1993	1204	4383
1994	1157	4130
1995	1158	4169
1996	1159	4211
1997	1160	4245
1998	1153	4286
1999	1158	4329
2000	1158	4365
2001	1156	4401
2002	1157	4443
2003	1157	4480
2004	1118	4101
2005	1118	4394
2006	1118	4470
2007	1059	4129
2008	1061	4168
2009	1063	4207
2010	1062	4247
2011	1061	4282
2012	1062	4330
2013	1059	4363
2014	1061	4401
2015	1059	4442
2016	1060	4480
2017	954	1976
2018	955	2023
2019	1083	2026
2020	1073	2061
2021	1012	2100
2022	1072	2198
2023	981	2279
2024	1050	2507
2025	964	2624
2026	1005	2681
2027	984	2719
2028	1031	3009
2029	1004	3059
2030	970	3018
2031	1003	4026
2032	968	4025
2033	928	2006
2034	928	2048
2035	928	2081
2036	927	2122
2037	927	2159
2038	928	2200
2039	925	2241
2040	927	2276
2041	926	2317
2042	928	2354
2043	926	2391
2044	929	2429
2045	926	2469
2046	924	2508
2047	886	2003
2048	889	2045
2049	888	2083
2050	888	2120
2051	889	2159
2052	887	2201
2053	886	2241
2054	890	2276
2055	886	2315
2056	888	2353
2057	888	2392
2058	886	2430
2059	887	2468
2060	889	2509
2061	910	2588
2062	947	2662
2063	869	2633
2064	947	2659
2065	946	2700
2066	946	2740
2067	946	2777
2068	947	2815
2069	945	2856
2070	947	2894
2071	944	2932
2072	847	2929
2073	848	2891
2074	850	2854
2075	847	2813
2076	848	2775
2077	847	2736
2078	849	2699
2079	849	2665
2080	863	2987
2081	867	3019
2082	944	3021
2083	941	3088
2084	944	3127
2085	945	3160
2086	945	3803
2087	943	3842
2088	945	3875
2089	946	3921
2090	945	3959
2091	849	3087
2092	849	3125
2093	850	3162
2094	848	3802
2095	850	3842
2096	850	3883
2097	853	3919
2098	938	4041
2099	910	4040
2100	943	4130
2101	947	4170
2102	943	4209
2103	946	4247
2104	947	4283
2105	947	4325
2106	947	4361
2107	946	4403
2108	946	4443
2109	946	4483
2110	904	4303
2111	928	4342
2112	904	4393
2113	895	4434
2114	897	4459
2115	867	4122
2116	848	4207
2117	848	4247
2118	849	4283
2119	848	4327
2120	852	4357
2121	850	4400
2122	849	4441
2123	850	4478
2124	826	4421
2125	811	4458
2126	694	1955
2127	824	1976
2128	804	2041
2129	793	2081
2130	762	2117
2131	803	2142
2132	750	2159
2133	773	2180
2134	861	2487
2135	831	2503
2136	842	2583
2137	759	2718
2138	791	2779
2139	780	2967
2140	829	3000
2141	808	3837
2142	819	3879
2143	760	3919
2144	780	4024
2145	808	4044
2146	785	4127
2147	780	4172
2148	748	4150
2149	750	4308
2150	655	1966
2151	656	2011
2152	655	2040
2153	656	2082
2154	658	2123
2155	656	2160
2156	656	2198
2157	658	2239
2158	657	2274
2159	657	2314
2160	657	2356
2161	657	2390
2162	654	2430
2163	655	2469
2164	656	2509
2165	199	2004
2166	197	2042
2167	198	2081
2168	196	2122
2169	198	2161
2170	199	2196
2171	600	2239
2172	197	2278
2173	197	2317
2174	198	2354
2175	197	2393
2176	198	2432
2177	197	2516
2178	198	2551
2179	734	2663
2180	735	2701
2181	735	2741
2182	735	2780
2183	735	2814
2184	734	2851
2185	732	2896
2186	734	2932
2187	704	2834
2188	680	2771
2189	689	2693
2190	697	2630
2191	657	2881
2192	639	2595
2193	636	2631
2194	639	2673
2195	637	2708
2196	635	2748
2197	635	2787
2198	635	2822
2199	636	2863
2200	636	2902
2201	636	2944
2202	198	2592
2203	600	2629
2204	196	2671
2205	198	2707
2206	196	2748
2207	196	2787
2208	197	2825
2209	198	2863
2210	195	2900
2211	195	2943
2212	733	3020
2213	628	2998
2214	147	3010
2215	734	3087
2216	733	3125
2217	736	3164
2218	732	3802
2219	732	3837
2220	733	3877
2221	734	3920
2222	703	4059
2223	692	4187
2224	733	4207
2225	731	4244
2226	733	4287
2227	734	4323
2228	732	4367
2229	732	4404
2230	734	4444
2231	733	4480
2232	674	3086
2233	676	3122
2234	674	3169
2235	674	3199
2236	672	3841
2237	675	3879
2238	677	3920
2239	676	3959
2240	675	3996
2241	674	4036
2242	666	4072
2243	676	4131
2244	675	4171
2245	672	4209
2246	674	4248
2247	675	4284
2248	675	4326
2249	674	4364
2250	674	4402
2251	674	4444
2252	676	4477
2253	178	3144
2254	620	3823
2255	640	3871
2256	607	3941
2257	636	4039
2258	197	4133
2259	609	4540
2260	38	-551
2261	17	-316
2262	57	-478
2263	53	-438
2264	54	-398
2265	56	-358
2266	57	-318
2267	57	-280
2268	56	-239
2269	84	-415
2270	124	-478
2271	125	-434
2272	126	-396
2273	123	-355
2274	124	-317
2275	126	-277
2276	124	-239
2277	159	-210
2278	-10	-190
2279	-37	-553
2280	-61	-476
2281	-60	-435
2282	-60	-396
2283	-58	-357
2284	-59	-318
2285	-59	-277
2286	-58	-241
2287	-78	-552
2288	-98	-473
2289	-100	-437
2290	-98	-397
2291	-99	-356
2292	-98	-315
2293	-95	-275
2294	-96	-238
2295	-153	-218
2296	-177	-318
2297	-188	-490
2298	-167	-550
2299	-231	-559
2300	-214	-472
2301	-214	-436
2302	-214	-397
2303	-211	-354
2304	-214	-315
2305	-214	-278
2306	-212	-239
2307	-252	-242
2308	-253	-278
2309	-253	-313
2310	-250	-356
2311	-251	-393
2312	-251	-434
2313	-251	-471
2314	-289	-432
2315	-309	-549
2316	-346	-552
2317	-367	-474
2318	-367	-433
2319	-365	-482
2320	-365	-352
2321	-367	-240
2322	-369	-236
2323	-367	-232
2324	-366	-228
2325	-367	-277
2326	-366	-238
2327	-337	-240
2328	-310	-276
2329	134	-127
2330	129	10
2331	94	-96
2332	67	-125
2333	37	-68
2334	54	3
2335	-3	-76
2336	15	-121
2337	-34	4
2338	-78	-76
2339	-88	-135
2340	-128	-78
2341	-127	-29
2342	-138	-164
2343	-171	-148
2344	-176	-116
2345	-281	-27
2346	-283	-74
2347	-346	-26
2348	-348	-107
2349	-336	-147
2350	-396	-46
2351	-447	-88
2352	-396	2
2353	-366	32
2354	-388	66
2355	150	91
2356	125	50
2357	125	89
2358	121	129
2359	123	166
2360	123	805
2361	121	841
2362	127	884
2363	55	1299
2364	27	884
2365	28	843
2366	29	804
2367	28	168
2368	27	128
2369	26	85
2370	30	48
2371	-30	125
2372	-13	181
2373	-33	823
2374	-89	883
2375	-89	839
2376	-87	801
2377	-87	167
2378	-91	124
2379	-89	85
2380	-84	49
2381	-166	50
2382	-166	85
2383	-166	124
2384	-188	145
2385	-167	164
2386	-167	802
2387	-165	843
2388	-164	885
2389	-242	70
2390	-283	46
2391	-282	88
2392	-281	128
2393	-282	167
2394	-280	805
2395	-281	842
2396	-280	882
2397	144	1038
2398	122	951
2399	77	1046
2400	75	979
2401	49	1050
2402	-4	976
2403	-101	941
2404	-157	918
2405	-138	991
2406	-186	951
2407	-195	987
2408	-175	1026
2409	-234	979
2410	-273	1015
2411	-294	972
2412	-311	1017
2413	-377	968
2414	-461	801
2415	-457	-568
2416	123	1103
2417	124	1143
2418	123	1183
2419	122	1223
2420	123	1256
2421	123	1296
2422	123	1337
2423	123	1377
2424	126	1415
2425	123	1454
2426	76	1084
2427	76	1121
2428	75	1162
2429	75	1199
2430	77	1241
2431	74	1277
2432	75	1316
2433	78	1355
2434	78	1394
2435	75	1431
2436	75	1473
2437	878	1506
2438	74	1549
2439	75	1587
2440	75	1625
2441	78	1665
2442	75	1706
2443	75	1743
2444	76	1781
2445	76	1830
2446	76	1912
2447	36	1087
2448	39	1123
2449	38	1160
2450	34	1202
2451	36	1238
2452	35	1281
2453	36	1320
2454	35	1357
2455	36	1396
2456	36	1435
2457	38	1473
2458	35	1502
2459	35	1552
2460	34	1587
2461	36	1627
2462	38	1665
2463	37	1703
2464	37	1744
2465	38	1781
2466	38	1822
2467	37	1862
2468	34	1900
2469	-9	1086
2470	-23	1192
2471	-15	1230
2472	-33	1268
2473	-22	1551
2474	-42	1841
2475	-54	1899
2476	-83	1122
2477	-78	1162
2478	-78	1200
2479	-81	1239
2480	-79	1277
2481	-81	1317
2482	-79	1353
2483	-79	1394
2484	-80	1430
2485	-80	1471
2486	-80	1550
2487	-79	1590
2488	-82	1625
2489	-81	1664
2490	-80	1704
2491	-79	1743
2492	-81	1784
2493	-79	1821
2494	-79	1859
2495	-81	1899
2496	-121	1061
2497	-117	1122
2498	-119	1161
2499	-119	1198
2500	-120	1240
2501	-118	1274
2502	-119	1318
2503	-119	1355
2504	-119	1395
2505	-119	1435
2506	-117	1473
2507	-119	1550
2508	-119	1584
2509	-118	1626
2510	-119	1667
2511	-119	1704
2512	-119	1743
2513	-116	1783
2514	-117	1822
2515	-118	1860
2516	-118	1900
2517	-184	1181
2518	-154	1373
2519	-159	1433
2520	-170	1471
2521	-140	1514
2522	-164	1541
2523	-165	1838
2524	-195	1063
2525	-233	1100
2526	-230	1131
2527	-234	1084
2528	-235	1202
2529	-233	1239
2530	-213	1260
2531	-232	1281
2532	-233	1315
2533	-235	1360
2534	-232	1391
2535	-233	1434
2536	-230	1471
2537	-233	1550
2538	-234	1587
2539	-235	1626
2540	-233	1665
2541	-233	1711
2542	-231	1743
2543	-233	1781
2544	-233	1820
2545	-232	1858
2546	-233	1901
2547	-269	1055
2548	-271	1094
2549	-272	1132
2550	-275	1172
2551	-272	1213
2552	-274	1250
2553	-272	1290
2554	-277	1327
2555	-273	1367
2556	-272	1405
2557	-271	1443
2558	-273	1485
2559	-272	1522
2560	-269	1560
2561	-271	1599
2562	-270	1638
2563	-270	1678
2564	-273	1713
2565	-272	1753
2566	-309	1058
2567	-311	1097
2568	-313	1131
2569	-313	1169
2570	-314	1211
2571	-314	1248
2572	-310	1292
2573	-313	1240
2574	-310	1369
2575	-314	1408
2576	-312	1445
2577	-310	1483
2578	-309	1520
2579	-312	1558
2580	-306	1606
2581	-309	1639
2582	-312	1676
2583	-311	1629
2584	-311	1758
2585	-347	1057
2586	-351	1094
2587	-351	1135
2588	-349	1175
2589	-349	1213
2590	-351	1251
2591	-350	1288
2592	-350	1328
2593	-349	1366
2594	-351	1404
2595	-349	1444
2596	-350	1483
2597	-349	1522
2598	-350	1558
2599	-347	1600
2600	-350	1637
2601	-350	1673
2602	-353	1712
2603	-350	1754
2604	-351	1795
2605	-389	1055
2606	-384	1095
2607	-388	1134
2608	-387	1173
2609	-385	1210
2610	-388	1249
2611	-389	1289
2612	-386	1328
2613	-387	1368
2614	-386	1406
2615	-384	1441
2616	-387	1482
2617	-386	1521
2618	-390	1561
2619	-388	1594
2620	-390	1637
2621	-385	1678
2622	-385	1714
2623	-389	1753
2624	-389	1793
2625	-379	1882
2626	-312	1327
2627	-312	1712
2628	103	2002
2629	112	2040
2630	142	2099
2631	121	2140
2632	134	2179
2633	84	2098
2634	34	2062
2635	14	2020
2636	-6	2137
2637	26	2198
2638	63	2277
2639	84	2313
2640	15	2292
2641	35	2373
2642	36	2437
2643	63	2438
2644	94	2458
2645	84	2516
2646	84	2552
2647	83	2592
2648	83	2630
2649	84	2671
2650	83	2707
2651	84	2748
2652	82	2784
2653	82	2824
2654	84	2863
2655	85	2903
2656	83	2939
2657	121	2941
2658	120	2899
2659	123	2862
2660	121	2823
2661	121	2787
2662	124	2745
2663	120	2709
2664	121	2669
2665	122	2631
2666	120	2593
2667	73	3011
2668	-63	1933
2669	-41	1964
2670	-32	2001
2671	-32	2039
2672	-33	2079
2673	-33	2118
2674	-32	2160
2675	-33	2197
2676	-33	2238
2677	-32	2275
2678	-32	2313
2679	-30	2351
2680	-31	2392
2681	-35	2427
2682	-78	2080
2683	-81	2118
2684	-82	2156
2685	-81	2199
2686	-82	2233
2687	-81	2274
2688	-81	2315
2689	-82	2352
2690	-81	2394
2691	-82	2428
2692	-110	1972
2693	-119	1999
2694	-118	2042
2695	-120	2078
2696	-122	2115
2697	-120	2161
2698	-120	2195
2699	-121	2236
2700	-119	2278
2701	-120	2312
2702	-119	2355
2703	-120	2392
2704	-123	2427
2705	-52	2503
2706	-15	2524
2707	-13	2554
2708	-35	2582
2709	-24	2622
2710	-6	2750
2711	-5	2952
2712	-92	2526
2713	-121	2527
2714	-120	2563
2715	-79	2604
2716	-117	2600
2717	-84	2640
2718	-118	2640
2719	-79	2680
2720	-120	2679
2721	-80	2717
2722	-118	2717
2723	-80	2757
2724	-121	2755
2725	-82	2798
2726	-117	2794
2727	-81	2833
2728	-119	2832
2729	-82	2870
2730	-118	2869
2731	-79	2910
2732	-120	2910
2733	-80	2949
2734	-119	2949
2735	157	3089
2736	159	3125
2737	156	3164
2738	158	3801
2739	158	3840
2740	159	3879
2741	158	3917
2742	159	3956
2743	161	3993
2744	160	4037
2745	90	3877
2746	63	3085
2747	62	3122
2748	64	3163
2749	63	3800
2750	61	3835
2751	64	3878
2752	62	3916
2753	64	3955
2754	63	3995
2755	64	4034
2756	158	4132
2757	159	4168
2758	159	4204
2759	162	4245
2760	158	4285
2761	161	4324
2762	158	4366
2763	159	4400
2764	160	4439
2765	161	4479
2766	120	4360
2767	109	4400
2768	111	4440
2769	109	4479
2770	60	4089
2771	43	4119
2772	52	4165
2773	64	4206
2774	63	4244
2775	61	4285
2776	62	4321
2777	63	4361
2778	62	4401
2779	62	4440
2780	62	4477
2781	44	3036
2782	-43	3037
2783	-6	3860
2784	-3	3939
2785	-4	4018
2786	-16	4112
2787	-12	4148
2788	-26	4209
2789	3	4246
2790	24	4287
2791	6	4343
2792	5	4506
2793	42	4519
2794	-56	3087
2795	-51	3124
2796	-54	3162
2797	-53	3801
2798	-52	3838
2799	-53	3875
2800	-54	3917
2801	-51	3958
2802	-53	3997
2803	-51	4032
2804	-51	4077
2805	-53	4111
2806	-52	4147
2807	-54	4204
2808	-54	4243
2809	-53	4287
2810	-52	4324
2811	-54	4362
2812	-52	4398
2813	-56	4439
2814	-53	4476
2815	-76	4013
2816	-93	4101
2817	-104	4158
2818	-73	4229
2819	-104	4343
2820	-130	3124
2821	-128	3161
2822	-131	3197
2823	-128	3838
2824	-130	3879
2825	-129	3918
2826	-127	3956
2827	-150	3820
2828	-169	3888
2829	-179	3938
2830	-158	3977
2831	-137	4053
2832	-148	4129
2833	-188	4070
2834	-189	4114
2835	-128	4187
2836	-130	4224
2837	-132	4265
2838	-130	4306
2839	-130	4342
2840	-130	4384
2841	-130	4420
2842	-130	4458
2843	-129	4516
2844	-187	4424
2845	-206	4517
2846	-177	2021
2847	-178	2140
2848	-166	2410
2849	-169	2490
2850	-198	2079
2851	-197	2120
2852	-198	2159
2853	-197	2197
2854	-199	2237
2855	-196	2274
2856	-196	2316
2857	-198	2353
2858	-200	2392
2859	-196	2428
2860	-197	2602
2861	-196	2643
2862	-195	2699
2863	-195	2721
2864	-196	2759
2865	-196	2799
2866	-196	2836
2867	-197	2877
2868	-196	2913
2869	-196	2953
2870	-236	2003
2871	-235	2042
2872	-235	2081
2873	-236	2120
2874	-236	2159
2875	-235	2197
2876	-236	2233
2877	-236	2274
2878	-234	2315
2879	-235	2351
2880	-236	2392
2881	-236	2430
2882	-235	2487
2883	-236	2523
2884	-234	2567
2885	-235	2602
2886	-234	2643
2887	-237	2683
2888	-235	2721
2889	-235	2759
2890	-236	2799
2891	-237	2837
2892	-234	2869
2893	-234	2911
2894	-236	2954
2895	-272	2080
2896	-273	2140
2897	-273	2180
2898	-275	2219
2899	-275	2258
2900	-273	2296
2901	-275	2158
2902	-272	2373
2903	-273	2416
2904	-274	2448
2905	-272	2489
2906	-273	2528
2907	-273	2564
2908	-274	2607
2909	-273	2642
2910	-274	2683
2911	-274	2720
2912	-272	2760
2913	-273	2796
2914	-276	2834
2915	-273	2874
2916	-271	2914
2917	-322	1990
2918	-312	2137
2919	-310	2177
2920	-313	2218
2921	-313	2258
2922	-310	2298
2923	-309	2343
2924	-310	2373
2925	-308	2420
2926	-311	2449
2927	-313	2489
2928	-314	2524
2929	-310	2565
2930	-312	2604
2931	-311	2643
2932	-313	2679
2933	-311	2718
2934	-311	2757
2935	-310	2806
2936	-312	2835
2937	-313	2872
2938	-312	2911
2939	-350	2137
2940	-350	2176
2941	-349	2216
2942	-351	2257
2943	-350	2294
2944	-351	2334
2945	-351	2370
2946	-352	2408
2947	-350	2449
2948	-350	2489
2949	-350	2525
2950	-351	2564
2951	-350	2603
2952	-350	2643
2953	-351	2681
2954	-350	2717
2955	-350	2757
2956	-349	2796
2957	-351	2834
2958	-351	2874
2959	-423	1994
2960	-390	2137
2961	-388	2178
2962	-389	2217
2963	-389	2256
2964	-389	2292
2965	-389	2333
2966	-387	2378
2967	-390	2411
2968	-391	2448
2969	-390	2484
2970	-391	2524
2971	-389	2563
2972	-390	2601
2973	-390	2640
2974	-389	2682
2975	-391	2718
2976	-390	2754
2977	-390	2801
2978	-390	2834
2979	-389	2872
2980	-274	2334
2981	-227	3143
2982	-226	3184
2983	-245	3123
2984	-246	3162
2985	-244	3803
2986	-246	3841
2987	-246	3878
2988	-246	3914
2989	-244	3955
2990	-247	3997
2991	-264	4068
2992	-265	4110
2993	-245	4151
2994	-244	4191
2995	-245	4227
2996	-245	4265
2997	-246	4307
2998	-248	4344
2999	-244	4391
3000	-245	4422
3001	-243	4461
3002	-285	4147
3003	-286	4185
3004	-286	4200
3005	-287	4210
3006	-287	4224
3007	-288	4263
3008	-288	4299
3009	-288	4339
3010	-288	4379
3011	-284	4419
3012	-287	4458
3013	-286	4498
3014	-295	3102
3015	-297	3159
3016	-293	3856
3017	-295	3895
3018	-295	3975
3019	-334	3815
3020	-336	3974
3021	-325	4062
3022	-364	4060
3023	-325	4146
3024	-363	4147
3025	-324	4224
3026	-365	4222
3027	-323	4302
3028	-363	4301
3029	-323	4378
3030	-363	4380
3031	-322	4458
3032	-364	4456
3033	-404	4473
3034	-383	2052
3035	-384	2962
3036	-466	3134
3037	-468	4505
3038	-362	4541